0.000000 0.000000 0.000000 0.000000 0.000000 0.000000 0.000000 0.000000 0.000000 0.000000 0.000000 0.000000 0.000000 0.000000 0.000000 0.000000 0.000000 0.000000 0.000000 0.000000 
0.009999 0.005564 0.005385 0.003309 0.003245 0.001898 0.001993 0.001057 0.001249 0.000561 0.000804 0.000272 0.000536 0.000105 0.000372 0.000010 0.000271 -0.000043 0.000208 -0.000071 
0.019794 0.011298 0.010598 0.006774 0.006334 0.003943 0.003840 0.002253 0.002362 0.001255 0.001479 0.000670 0.000947 0.000330 0.000625 0.000136 0.000428 0.000026 0.000306 -0.000034 
0.029385 0.017170 0.015667 0.010353 0.009304 0.006087 0.005587 0.003537 0.003386 0.002027 0.002075 0.001139 0.001290 0.000621 0.000816 0.000321 0.000528 0.000149 0.000352 0.000052 
0.038772 0.023152 0.020615 0.014012 0.012186 0.008294 0.007266 0.004873 0.004358 0.002842 0.002630 0.001644 0.001598 0.000940 0.000979 0.000529 0.000607 0.000291 0.000381 0.000154 
0.047954 0.029217 0.025460 0.017723 0.015002 0.010538 0.008901 0.006234 0.005300 0.003675 0.003165 0.002160 0.001894 0.001267 0.001136 0.000741 0.000682 0.000433 0.000410 0.000253 
0.056933 0.035341 0.030217 0.021463 0.017769 0.012797 0.010508 0.007602 0.006228 0.004510 0.003694 0.002675 0.002190 0.001588 0.001296 0.000945 0.000764 0.000566 0.000447 0.000342 
0.065708 0.041502 0.034897 0.025211 0.020498 0.015054 0.012099 0.008965 0.007151 0.005336 0.004226 0.003179 0.002493 0.001898 0.001466 0.001139 0.000857 0.000688 0.000496 0.000420 
0.074278 0.047679 0.039510 0.028952 0.023198 0.017299 0.013680 0.010313 0.008075 0.006147 0.004763 0.003669 0.002804 0.002195 0.001645 0.001319 0.000959 0.000798 0.000554 0.000487 
0.082645 0.053854 0.044061 0.032673 0.025873 0.019521 0.015254 0.011641 0.009000 0.006941 0.005307 0.004144 0.003124 0.002479 0.001833 0.001488 0.001071 0.000898 0.000621 0.000546 
0.090807 0.060011 0.048555 0.036362 0.028528 0.021716 0.016823 0.012946 0.009929 0.007717 0.005857 0.004604 0.003450 0.002751 0.002028 0.001648 0.001188 0.000991 0.000693 0.000598 
0.098765 0.066132 0.052995 0.040010 0.031162 0.023879 0.018387 0.014227 0.010858 0.008475 0.006411 0.005050 0.003782 0.003013 0.002228 0.001800 0.001310 0.001077 0.000768 0.000647 
0.106520 0.072205 0.057382 0.043611 0.033775 0.026006 0.019944 0.015483 0.011787 0.009214 0.006966 0.005485 0.004115 0.003266 0.002430 0.001946 0.001433 0.001161 0.000845 0.000693 
0.114070 0.078215 0.061716 0.047159 0.036366 0.028095 0.021492 0.016713 0.012712 0.009937 0.007521 0.005908 0.004449 0.003513 0.002632 0.002089 0.001557 0.001242 0.000921 0.000738 
0.121416 0.084152 0.065996 0.050647 0.038932 0.030144 0.023027 0.017918 0.013631 0.010645 0.008072 0.006322 0.004781 0.003754 0.002833 0.002228 0.001679 0.001322 0.000996 0.000783 
0.128558 0.090004 0.070220 0.054072 0.041470 0.032154 0.024548 0.019098 0.014543 0.011337 0.008619 0.006728 0.005110 0.003991 0.003031 0.002366 0.001799 0.001401 0.001069 0.000829 
0.135496 0.095761 0.074386 0.057431 0.043977 0.034122 0.026052 0.020254 0.015443 0.012016 0.009158 0.007126 0.005434 0.004224 0.003226 0.002502 0.001916 0.001481 0.001140 0.000875 
0.142230 0.101414 0.078490 0.060720 0.046449 0.036048 0.027534 0.021385 0.016330 0.012681 0.009689 0.007516 0.005751 0.004453 0.003416 0.002637 0.002030 0.001560 0.001208 0.000922 
0.148760 0.106955 0.082528 0.063936 0.048884 0.037932 0.028993 0.022492 0.017203 0.013332 0.010210 0.007900 0.006062 0.004679 0.003601 0.002770 0.002140 0.001639 0.001273 0.000969 
0.155086 0.112376 0.086497 0.067078 0.051276 0.039773 0.030426 0.023575 0.018058 0.013971 0.010720 0.008277 0.006366 0.004902 0.003782 0.002902 0.002247 0.001717 0.001336 0.001015 
0.161208 0.117669 0.090393 0.070142 0.053623 0.041570 0.031830 0.024634 0.018895 0.014596 0.011218 0.008647 0.006662 0.005122 0.003957 0.003033 0.002351 0.001795 0.001397 0.001062 
0.167126 0.122830 0.094210 0.073128 0.055921 0.043322 0.033203 0.025668 0.019712 0.015208 0.011704 0.009010 0.006949 0.005337 0.004127 0.003161 0.002451 0.001872 0.001456 0.001108 
0.172840 0.127850 0.097945 0.076032 0.058167 0.045030 0.034543 0.026676 0.020509 0.015805 0.012176 0.009365 0.007229 0.005549 0.004292 0.003287 0.002548 0.001948 0.001513 0.001154 
0.178349 0.132726 0.101593 0.078854 0.060357 0.046691 0.035847 0.027659 0.021283 0.016389 0.012634 0.009712 0.007500 0.005755 0.004451 0.003411 0.002642 0.002022 0.001568 0.001198 
0.183655 0.137453 0.105150 0.081591 0.062488 0.048305 0.037115 0.028615 0.022035 0.016957 0.013079 0.010050 0.007762 0.005957 0.004606 0.003531 0.002733 0.002094 0.001621 0.001242 
0.188756 0.142025 0.108610 0.084242 0.064557 0.049870 0.038344 0.029544 0.022763 0.017509 0.013509 0.010379 0.008016 0.006153 0.004756 0.003649 0.002821 0.002164 0.001673 0.001284 
0.193654 0.146439 0.111969 0.086804 0.066562 0.051387 0.039533 0.030445 0.023466 0.018045 0.013925 0.010698 0.008261 0.006344 0.004900 0.003762 0.002906 0.002232 0.001723 0.001324 
0.198347 0.150690 0.115223 0.089277 0.068500 0.052852 0.040681 0.031316 0.024145 0.018564 0.014325 0.011007 0.008497 0.006528 0.005040 0.003872 0.002988 0.002297 0.001772 0.001363 
0.202836 0.154777 0.118367 0.091658 0.070368 0.054266 0.041787 0.032157 0.024798 0.019065 0.014711 0.011306 0.008725 0.006706 0.005174 0.003978 0.003068 0.002360 0.001818 0.001401 
0.207122 0.158695 0.121398 0.093945 0.072165 0.055627 0.042849 0.032967 0.025425 0.019548 0.015081 0.011593 0.008944 0.006877 0.005303 0.004080 0.003144 0.002421 0.001864 0.001437 
0.211203 0.162441 0.124311 0.096138 0.073888 0.056933 0.043866 0.033746 0.026026 0.020011 0.015436 0.011869 0.009154 0.007041 0.005427 0.004178 0.003218 0.002479 0.001907 0.001471 
0.215080 0.166013 0.127102 0.098233 0.075536 0.058183 0.044838 0.034491 0.026600 0.020455 0.015775 0.012133 0.009354 0.007198 0.005546 0.004271 0.003288 0.002534 0.001949 0.001504 
0.218753 0.169409 0.129768 0.100230 0.077105 0.059376 0.045763 0.035202 0.027146 0.020878 0.016098 0.012385 0.009545 0.007348 0.005659 0.004359 0.003355 0.002587 0.001989 0.001535 
0.222222 0.172626 0.132306 0.102127 0.078596 0.060511 0.046641 0.035879 0.027665 0.021281 0.016405 0.012624 0.009727 0.007490 0.005767 0.004444 0.003419 0.002636 0.002027 0.001564 
0.225487 0.175663 0.134711 0.103922 0.080006 0.061586 0.047472 0.036520 0.028155 0.021662 0.016696 0.012851 0.009899 0.007624 0.005870 0.004523 0.003480 0.002683 0.002064 0.001592 
0.228548 0.178518 0.136981 0.105614 0.081335 0.062601 0.048253 0.037125 0.028617 0.022022 0.016969 0.013064 0.010062 0.007750 0.005966 0.004598 0.003538 0.002727 0.002098 0.001618 
0.231405 0.181189 0.139112 0.107200 0.082580 0.063553 0.048986 0.037693 0.029050 0.022359 0.017226 0.013264 0.010214 0.007869 0.006057 0.004668 0.003592 0.002769 0.002130 0.001642 
0.234058 0.183674 0.141103 0.108680 0.083740 0.064442 0.049668 0.038223 0.029454 0.022674 0.017466 0.013450 0.010357 0.007979 0.006141 0.004733 0.003642 0.002807 0.002160 0.001665 
0.236506 0.185973 0.142951 0.110052 0.084815 0.065267 0.050301 0.038714 0.029828 0.022965 0.017688 0.013623 0.010489 0.008081 0.006220 0.004793 0.003689 0.002843 0.002188 0.001686 
0.238751 0.188084 0.144652 0.111315 0.085804 0.066027 0.050882 0.039167 0.030173 0.023234 0.017892 0.013782 0.010610 0.008175 0.006292 0.004849 0.003732 0.002876 0.002213 0.001705 
0.240792 0.190006 0.146206 0.112467 0.086706 0.066721 0.051412 0.039580 0.030487 0.023478 0.018079 0.013926 0.010722 0.008260 0.006359 0.004899 0.003771 0.002906 0.002237 0.001723 
0.242628 0.191738 0.147610 0.113508 0.087519 0.067348 0.051891 0.039953 0.030770 0.023699 0.018248 0.014057 0.010822 0.008337 0.006418 0.004945 0.003807 0.002933 0.002258 0.001739 
0.244261 0.193280 0.148862 0.114435 0.088244 0.067907 0.052317 0.040286 0.031023 0.023896 0.018398 0.014173 0.010912 0.008406 0.006472 0.004985 0.003839 0.002957 0.002277 0.001753 
0.245689 0.194631 0.149961 0.115249 0.088879 0.068397 0.052690 0.040578 0.031245 0.024069 0.018530 0.014275 0.010990 0.008466 0.006519 0.005021 0.003866 0.002978 0.002293 0.001766 
0.246914 0.195789 0.150905 0.115949 0.089425 0.068819 0.053011 0.040829 0.031435 0.024217 0.018644 0.014363 0.011058 0.008518 0.006559 0.005052 0.003890 0.002996 0.002308 0.001777 
0.247934 0.196756 0.151694 0.116532 0.089880 0.069172 0.053279 0.041038 0.031594 0.024341 0.018738 0.014436 0.011114 0.008561 0.006592 0.005077 0.003910 0.003011 0.002319 0.001786 
0.248750 0.197529 0.152326 0.117000 0.090245 0.069454 0.053494 0.041206 0.031722 0.024440 0.018814 0.014495 0.011160 0.008596 0.006619 0.005097 0.003926 0.003023 0.002329 0.001793 
0.249362 0.198110 0.152801 0.117352 0.090519 0.069666 0.053655 0.041332 0.031817 0.024515 0.018871 0.014538 0.011194 0.008622 0.006640 0.005113 0.003938 0.003032 0.002336 0.001798 
0.249770 0.198497 0.153118 0.117586 0.090702 0.069807 0.053762 0.041416 0.031881 0.024565 0.018909 0.014568 0.011216 0.008639 0.006653 0.005123 0.003946 0.003038 0.002341 0.001802 
0.249974 0.198691 0.153276 0.117703 0.090793 0.069878 0.053816 0.041458 0.031913 0.024589 0.018928 0.014582 0.011228 0.008648 0.006660 0.005128 0.003950 0.003041 0.002343 0.001804 
0.249974 0.198691 0.153276 0.117703 0.090793 0.069878 0.053816 0.041458 0.031913 0.024589 0.018928 0.014582 0.011228 0.008648 0.006660 0.005128 0.003950 0.003041 0.002343 0.001804 
0.249770 0.198497 0.153118 0.117586 0.090702 0.069807 0.053762 0.041416 0.031881 0.024565 0.018909 0.014568 0.011216 0.008639 0.006653 0.005123 0.003946 0.003038 0.002341 0.001802 
0.249362 0.198110 0.152801 0.117352 0.090519 0.069666 0.053655 0.041332 0.031817 0.024515 0.018871 0.014538 0.011194 0.008622 0.006640 0.005113 0.003938 0.003032 0.002336 0.001798 
0.248750 0.197529 0.152326 0.117000 0.090245 0.069454 0.053494 0.041206 0.031722 0.024440 0.018814 0.014495 0.011160 0.008596 0.006619 0.005097 0.003926 0.003023 0.002329 0.001793 
0.247934 0.196756 0.151694 0.116532 0.089880 0.069172 0.053279 0.041038 0.031594 0.024341 0.018738 0.014436 0.011114 0.008561 0.006592 0.005077 0.003910 0.003011 0.002319 0.001786 
0.246914 0.195789 0.150905 0.115949 0.089425 0.068819 0.053011 0.040829 0.031435 0.024217 0.018644 0.014363 0.011058 0.008518 0.006559 0.005052 0.003890 0.002996 0.002308 0.001777 
0.245689 0.194631 0.149961 0.115249 0.088879 0.068397 0.052690 0.040578 0.031245 0.024069 0.018530 0.014275 0.010990 0.008466 0.006519 0.005021 0.003866 0.002978 0.002293 0.001766 
0.244261 0.193280 0.148862 0.114435 0.088244 0.067907 0.052317 0.040286 0.031023 0.023896 0.018398 0.014173 0.010912 0.008406 0.006472 0.004985 0.003839 0.002957 0.002277 0.001753 
0.242628 0.191738 0.147610 0.113508 0.087519 0.067348 0.051891 0.039953 0.030770 0.023699 0.018248 0.014057 0.010822 0.008337 0.006418 0.004945 0.003807 0.002933 0.002258 0.001739 
0.240792 0.190006 0.146206 0.112467 0.086706 0.066721 0.051412 0.039580 0.030487 0.023478 0.018079 0.013926 0.010722 0.008260 0.006359 0.004899 0.003771 0.002906 0.002237 0.001723 
0.238751 0.188084 0.144652 0.111315 0.085804 0.066027 0.050882 0.039167 0.030173 0.023234 0.017892 0.013782 0.010610 0.008175 0.006292 0.004849 0.003732 0.002876 0.002213 0.001705 
0.236506 0.185973 0.142951 0.110052 0.084815 0.065267 0.050301 0.038714 0.029828 0.022965 0.017688 0.013623 0.010489 0.008081 0.006220 0.004793 0.003689 0.002843 0.002188 0.001686 
0.234058 0.183674 0.141103 0.108680 0.083740 0.064442 0.049668 0.038223 0.029454 0.022674 0.017466 0.013450 0.010357 0.007979 0.006141 0.004733 0.003642 0.002807 0.002160 0.001665 
0.231405 0.181189 0.139112 0.107200 0.082580 0.063553 0.048986 0.037693 0.029050 0.022359 0.017226 0.013264 0.010214 0.007869 0.006057 0.004668 0.003592 0.002769 0.002130 0.001642 
0.228548 0.178518 0.136981 0.105614 0.081335 0.062601 0.048253 0.037125 0.028617 0.022022 0.016969 0.013064 0.010062 0.007750 0.005966 0.004598 0.003538 0.002727 0.002098 0.001618 
0.225487 0.175663 0.134711 0.103922 0.080006 0.061586 0.047472 0.036520 0.028155 0.021662 0.016696 0.012851 0.009899 0.007624 0.005870 0.004523 0.003480 0.002683 0.002064 0.001592 
0.222222 0.172626 0.132306 0.102127 0.078596 0.060511 0.046641 0.035879 0.027665 0.021281 0.016405 0.012624 0.009727 0.007490 0.005767 0.004444 0.003419 0.002636 0.002027 0.001564 
0.218753 0.169409 0.129768 0.100230 0.077105 0.059376 0.045763 0.035202 0.027146 0.020878 0.016098 0.012385 0.009545 0.007348 0.005659 0.004359 0.003355 0.002587 0.001989 0.001535 
0.215080 0.166013 0.127102 0.098233 0.075536 0.058183 0.044838 0.034491 0.026600 0.020455 0.015775 0.012133 0.009354 0.007198 0.005546 0.004271 0.003288 0.002534 0.001949 0.001504 
0.211203 0.162441 0.124311 0.096138 0.073888 0.056933 0.043866 0.033746 0.026026 0.020011 0.015436 0.011869 0.009154 0.007041 0.005427 0.004178 0.003218 0.002479 0.001907 0.001471 
0.207122 0.158695 0.121398 0.093945 0.072165 0.055627 0.042849 0.032967 0.025425 0.019548 0.015081 0.011593 0.008944 0.006877 0.005303 0.004080 0.003144 0.002421 0.001864 0.001437 
0.202836 0.154777 0.118367 0.091658 0.070368 0.054266 0.041787 0.032157 0.024798 0.019065 0.014711 0.011306 0.008725 0.006706 0.005174 0.003978 0.003068 0.002360 0.001818 0.001401 
0.198347 0.150690 0.115223 0.089277 0.068500 0.052852 0.040681 0.031316 0.024145 0.018564 0.014325 0.011007 0.008497 0.006528 0.005040 0.003872 0.002988 0.002297 0.001772 0.001363 
0.193654 0.146439 0.111969 0.086804 0.066562 0.051387 0.039533 0.030445 0.023466 0.018045 0.013925 0.010698 0.008261 0.006344 0.004900 0.003762 0.002906 0.002232 0.001723 0.001324 
0.188756 0.142025 0.108610 0.084242 0.064557 0.049870 0.038344 0.029544 0.022763 0.017509 0.013509 0.010379 0.008016 0.006153 0.004756 0.003649 0.002821 0.002164 0.001673 0.001284 
0.183655 0.137453 0.105150 0.081591 0.062488 0.048305 0.037115 0.028615 0.022035 0.016957 0.013079 0.010050 0.007762 0.005957 0.004606 0.003531 0.002733 0.002094 0.001621 0.001242 
0.178349 0.132726 0.101593 0.078854 0.060357 0.046691 0.035847 0.027659 0.021283 0.016389 0.012634 0.009712 0.007500 0.005755 0.004451 0.003411 0.002642 0.002022 0.001568 0.001198 
0.172840 0.127850 0.097945 0.076032 0.058167 0.045030 0.034543 0.026676 0.020509 0.015805 0.012176 0.009365 0.007229 0.005549 0.004292 0.003287 0.002548 0.001948 0.001513 0.001154 
0.167126 0.122830 0.094210 0.073128 0.055921 0.043322 0.033203 0.025668 0.019712 0.015208 0.011704 0.009010 0.006949 0.005337 0.004127 0.003161 0.002451 0.001872 0.001456 0.001108 
0.161208 0.117669 0.090393 0.070142 0.053623 0.041570 0.031830 0.024634 0.018895 0.014596 0.011218 0.008647 0.006662 0.005122 0.003957 0.003033 0.002351 0.001795 0.001397 0.001062 
0.155086 0.112376 0.086497 0.067078 0.051276 0.039773 0.030426 0.023575 0.018058 0.013971 0.010720 0.008277 0.006366 0.004902 0.003782 0.002902 0.002247 0.001717 0.001336 0.001015 
0.148760 0.106955 0.082528 0.063936 0.048884 0.037932 0.028993 0.022492 0.017203 0.013332 0.010210 0.007900 0.006062 0.004679 0.003601 0.002770 0.002140 0.001639 0.001273 0.000969 
0.142230 0.101414 0.078490 0.060720 0.046449 0.036048 0.027534 0.021385 0.016330 0.012681 0.009689 0.007516 0.005751 0.004453 0.003416 0.002637 0.002030 0.001560 0.001208 0.000922 
0.135496 0.095761 0.074386 0.057431 0.043977 0.034122 0.026052 0.020254 0.015443 0.012016 0.009158 0.007126 0.005434 0.004224 0.003226 0.002502 0.001916 0.001481 0.001140 0.000875 
0.128558 0.090004 0.070220 0.054072 0.041470 0.032154 0.024548 0.019098 0.014543 0.011337 0.008619 0.006728 0.005110 0.003991 0.003031 0.002366 0.001799 0.001401 0.001069 0.000829 
0.121416 0.084152 0.065996 0.050647 0.038932 0.030144 0.023027 0.017918 0.013631 0.010645 0.008072 0.006322 0.004781 0.003754 0.002833 0.002228 0.001679 0.001322 0.000996 0.000783 
0.114070 0.078215 0.061716 0.047159 0.036366 0.028095 0.021492 0.016713 0.012712 0.009937 0.007521 0.005908 0.004449 0.003513 0.002632 0.002089 0.001557 0.001242 0.000921 0.000738 
0.106520 0.072205 0.057382 0.043611 0.033775 0.026006 0.019944 0.015483 0.011787 0.009214 0.006966 0.005485 0.004115 0.003266 0.002430 0.001946 0.001433 0.001161 0.000845 0.000693 
0.098765 0.066132 0.052995 0.040010 0.031162 0.023879 0.018387 0.014227 0.010858 0.008475 0.006411 0.005050 0.003782 0.003013 0.002228 0.001800 0.001310 0.001077 0.000768 0.000647 
0.090807 0.060011 0.048555 0.036362 0.028528 0.021716 0.016823 0.012946 0.009929 0.007717 0.005857 0.004604 0.003450 0.002751 0.002028 0.001648 0.001188 0.000991 0.000693 0.000598 
0.082645 0.053854 0.044061 0.032673 0.025873 0.019521 0.015254 0.011641 0.009000 0.006941 0.005307 0.004144 0.003124 0.002479 0.001833 0.001488 0.001071 0.000898 0.000621 0.000546 
0.074278 0.047679 0.039510 0.028952 0.023198 0.017299 0.013680 0.010313 0.008075 0.006147 0.004763 0.003669 0.002804 0.002195 0.001645 0.001319 0.000959 0.000798 0.000554 0.000487 
0.065708 0.041502 0.034897 0.025211 0.020498 0.015054 0.012099 0.008965 0.007151 0.005336 0.004226 0.003179 0.002493 0.001898 0.001466 0.001139 0.000857 0.000688 0.000496 0.000420 
0.056933 0.035341 0.030217 0.021463 0.017769 0.012797 0.010508 0.007602 0.006228 0.004510 0.003694 0.002675 0.002190 0.001588 0.001296 0.000945 0.000764 0.000566 0.000447 0.000342 
0.047954 0.029217 0.025460 0.017723 0.015002 0.010538 0.008901 0.006234 0.005300 0.003675 0.003165 0.002160 0.001894 0.001267 0.001136 0.000741 0.000682 0.000433 0.000410 0.000253 
0.038772 0.023152 0.020615 0.014012 0.012186 0.008294 0.007266 0.004873 0.004358 0.002842 0.002630 0.001644 0.001598 0.000940 0.000979 0.000529 0.000607 0.000291 0.000381 0.000154 
0.029385 0.017170 0.015667 0.010353 0.009304 0.006087 0.005587 0.003537 0.003386 0.002027 0.002075 0.001139 0.001290 0.000621 0.000816 0.000321 0.000528 0.000149 0.000352 0.000052 
0.019794 0.011298 0.010598 0.006774 0.006334 0.003943 0.003840 0.002253 0.002362 0.001255 0.001479 0.000670 0.000947 0.000330 0.000625 0.000136 0.000428 0.000026 0.000306 -0.000034 
0.009999 0.005564 0.005385 0.003309 0.003245 0.001898 0.001993 0.001057 0.001249 0.000561 0.000804 0.000272 0.000536 0.000105 0.000372 0.000010 0.000271 -0.000043 0.000208 -0.000071 
0.000000 0.000000 0.000000 0.000000 0.000000 0.000000 0.000000 0.000000 0.000000 0.000000 0.000000 0.000000 0.000000 0.000000 0.000000 0.000000 0.000000 0.000000 0.000000 0.000000 
