0.000000 0.000000 0.000000 0.000000 0.000000 0.000000 0.000000 0.000000 0.000000 0.000000 0.000000 0.000000 0.000000 0.000000 0.000000 0.000000 0.000000 0.000000 0.000000 0.000000 
0.009999 0.003672 0.003646 0.001011 0.001527 0.000089 0.000773 -0.000201 0.000485 -0.000274 0.000361 -0.000279 0.000300 -0.000264 0.000264 -0.000245 0.000239 -0.000227 0.000220 -0.000211 
0.019794 0.007524 0.007111 0.002191 0.002886 0.000340 0.001387 -0.000245 0.000815 -0.000398 0.000574 -0.000411 0.000456 -0.000385 0.000388 -0.000351 0.000341 -0.000319 0.000307 -0.000291 
0.029385 0.011532 0.010418 0.003511 0.004109 0.000719 0.001877 -0.000172 0.001034 -0.000413 0.000682 -0.000443 0.000515 -0.000413 0.000420 -0.000370 0.000358 -0.000328 0.000313 -0.000292 
0.038772 0.015675 0.013586 0.004944 0.005221 0.001195 0.002275 -0.000015 0.001171 -0.000354 0.000720 -0.000409 0.000511 -0.000381 0.000397 -0.000335 0.000325 -0.000290 0.000274 -0.000251 
0.047954 0.019933 0.016632 0.006465 0.006245 0.001743 0.002604 0.000202 0.001254 -0.000245 0.000713 -0.000334 0.000470 -0.000316 0.000343 -0.000273 0.000266 -0.000229 0.000214 -0.000190 
0.056933 0.024286 0.019568 0.008056 0.007199 0.002344 0.002884 0.000459 0.001301 -0.000106 0.000679 -0.000237 0.000409 -0.000235 0.000275 -0.000199 0.000199 -0.000160 0.000149 -0.000126 
0.065708 0.028717 0.022409 0.009699 0.008098 0.002981 0.003130 0.000741 0.001326 0.000049 0.000633 -0.000130 0.000342 -0.000149 0.000205 -0.000125 0.000132 -0.000094 0.000087 -0.000066 
0.074278 0.033209 0.025165 0.011377 0.008955 0.003640 0.003354 0.001035 0.001341 0.000209 0.000583 -0.000023 0.000277 -0.000067 0.000141 -0.000057 0.000072 -0.000036 0.000034 -0.000016 
0.082645 0.037745 0.027844 0.013078 0.009779 0.004311 0.003566 0.001333 0.001354 0.000367 0.000537 0.000078 0.000218 0.000007 0.000085 0.000002 0.000023 0.000012 -0.000008 0.000023 
0.090807 0.042312 0.030456 0.014790 0.010580 0.004985 0.003771 0.001627 0.001370 0.000518 0.000498 0.000169 0.000169 0.000070 0.000040 0.000048 -0.000014 0.000048 -0.000038 0.000051 
0.098765 0.046895 0.033004 0.016503 0.011363 0.005655 0.003976 0.001915 0.001392 0.000659 0.000469 0.000250 0.000132 0.000122 0.000006 0.000084 -0.000041 0.000073 -0.000058 0.000068 
0.106520 0.051480 0.035496 0.018210 0.012134 0.006315 0.004184 0.002191 0.001423 0.000789 0.000451 0.000319 0.000105 0.000162 -0.000017 0.000109 -0.000058 0.000088 -0.000069 0.000077 
0.114070 0.056057 0.037936 0.019902 0.012894 0.006962 0.004397 0.002455 0.001464 0.000906 0.000444 0.000376 0.000090 0.000192 -0.000030 0.000125 -0.000066 0.000095 -0.000072 0.000079 
0.121416 0.060613 0.040326 0.021574 0.013649 0.007593 0.004616 0.002705 0.001515 0.001012 0.000447 0.000423 0.000084 0.000213 -0.000034 0.000132 -0.000066 0.000096 -0.000069 0.000075 
0.128558 0.065137 0.042669 0.023220 0.014398 0.008205 0.004842 0.002940 0.001576 0.001105 0.000460 0.000460 0.000086 0.000226 -0.000032 0.000134 -0.000062 0.000092 -0.000063 0.000068 
0.135496 0.069619 0.044966 0.024836 0.015143 0.008798 0.005075 0.003162 0.001645 0.001188 0.000481 0.000489 0.000095 0.000233 -0.000024 0.000131 -0.000053 0.000085 -0.000053 0.000059 
0.142230 0.074050 0.047219 0.026418 0.015884 0.009370 0.005315 0.003369 0.001723 0.001261 0.000509 0.000511 0.000109 0.000235 -0.000013 0.000125 -0.000042 0.000075 -0.000042 0.000049 
0.148760 0.078420 0.049429 0.027963 0.016621 0.009920 0.005560 0.003564 0.001807 0.001326 0.000543 0.000527 0.000128 0.000233 0.000001 0.000116 -0.000030 0.000065 -0.000031 0.000039 
0.155086 0.082722 0.051594 0.029469 0.017354 0.010449 0.005809 0.003746 0.001897 0.001383 0.000581 0.000539 0.000149 0.000228 0.000017 0.000107 -0.000017 0.000055 -0.000020 0.000029 
0.161208 0.086948 0.053716 0.030933 0.018082 0.010957 0.006062 0.003916 0.001991 0.001434 0.000622 0.000548 0.000173 0.000223 0.000033 0.000097 -0.000004 0.000044 -0.000009 0.000019 
0.167126 0.091090 0.055792 0.032354 0.018802 0.011443 0.006317 0.004076 0.002088 0.001479 0.000666 0.000554 0.000197 0.000216 0.000050 0.000088 0.000009 0.000035 0.000000 0.000012 
0.172840 0.095141 0.057823 0.033731 0.019516 0.011909 0.006573 0.004227 0.002187 0.001521 0.000710 0.000559 0.000221 0.000210 0.000065 0.000079 0.000020 0.000027 0.000009 0.000005 
0.178349 0.099095 0.059805 0.035061 0.020219 0.012354 0.006829 0.004369 0.002287 0.001559 0.000754 0.000563 0.000245 0.000204 0.000080 0.000071 0.000030 0.000020 0.000015 -0.000000 
0.183655 0.102946 0.061739 0.036345 0.020912 0.012780 0.007082 0.004503 0.002386 0.001594 0.000799 0.000566 0.000268 0.000198 0.000093 0.000065 0.000038 0.000015 0.000021 -0.000004 
0.188756 0.106688 0.063622 0.037581 0.021593 0.013186 0.007333 0.004630 0.002485 0.001628 0.000842 0.000570 0.000289 0.000194 0.000105 0.000059 0.000045 0.000011 0.000025 -0.000006 
0.193654 0.110315 0.065452 0.038769 0.022260 0.013574 0.007581 0.004750 0.002582 0.001660 0.000883 0.000574 0.000309 0.000191 0.000116 0.000056 0.000051 0.000008 0.000028 -0.000008 
0.198347 0.113824 0.067227 0.039908 0.022912 0.013943 0.007823 0.004864 0.002676 0.001690 0.000923 0.000579 0.000327 0.000189 0.000125 0.000053 0.000055 0.000007 0.000030 -0.000008 
0.202836 0.117209 0.068945 0.040999 0.023546 0.014295 0.008059 0.004973 0.002767 0.001720 0.000960 0.000585 0.000344 0.000189 0.000132 0.000052 0.000058 0.000006 0.000031 -0.000008 
0.207122 0.120467 0.070603 0.042040 0.024163 0.014629 0.008288 0.005077 0.002855 0.001750 0.000996 0.000591 0.000358 0.000189 0.000138 0.000052 0.000060 0.000006 0.000031 -0.000007 
0.211203 0.123592 0.072201 0.043032 0.024759 0.014946 0.008510 0.005176 0.002939 0.001778 0.001029 0.000598 0.000371 0.000191 0.000143 0.000052 0.000062 0.000007 0.000030 -0.000006 
0.215080 0.126582 0.073735 0.043974 0.025333 0.015247 0.008723 0.005270 0.003020 0.001806 0.001059 0.000607 0.000383 0.000193 0.000147 0.000054 0.000062 0.000009 0.000029 -0.000004 
0.218753 0.129433 0.075202 0.044867 0.025885 0.015531 0.008928 0.005359 0.003095 0.001834 0.001087 0.000615 0.000392 0.000197 0.000149 0.000056 0.000062 0.000011 0.000028 -0.000003 
0.222222 0.132141 0.076602 0.045711 0.026413 0.015799 0.009123 0.005445 0.003167 0.001861 0.001113 0.000625 0.000401 0.000201 0.000151 0.000059 0.000061 0.000013 0.000027 -0.000001 
0.225487 0.134704 0.077932 0.046505 0.026916 0.016052 0.009308 0.005526 0.003234 0.001888 0.001136 0.000635 0.000408 0.000206 0.000152 0.000062 0.000060 0.000015 0.000025 0.000001 
0.228548 0.137120 0.079190 0.047249 0.027393 0.016288 0.009483 0.005602 0.003297 0.001914 0.001157 0.000645 0.000414 0.000211 0.000153 0.000065 0.000059 0.000018 0.000023 0.000003 
0.231405 0.139385 0.080373 0.047943 0.027842 0.016508 0.009647 0.005674 0.003355 0.001939 0.001176 0.000655 0.000419 0.000216 0.000153 0.000068 0.000057 0.000020 0.000022 0.000005 
0.234058 0.141497 0.081480 0.048588 0.028263 0.016713 0.009801 0.005742 0.003408 0.001964 0.001193 0.000665 0.000422 0.000221 0.000152 0.000072 0.000056 0.000022 0.000020 0.000006 
0.236506 0.143455 0.082510 0.049183 0.028655 0.016902 0.009943 0.005805 0.003457 0.001987 0.001208 0.000675 0.000426 0.000227 0.000152 0.000075 0.000054 0.000025 0.000019 0.000008 
0.238751 0.145255 0.083460 0.049729 0.029016 0.017076 0.010074 0.005864 0.003501 0.002009 0.001221 0.000685 0.000428 0.000232 0.000151 0.000078 0.000053 0.000027 0.000018 0.000009 
0.240792 0.146898 0.084328 0.050225 0.029347 0.017234 0.010193 0.005917 0.003542 0.002029 0.001233 0.000694 0.000430 0.000237 0.000150 0.000081 0.000051 0.000029 0.000016 0.000010 
0.242628 0.148380 0.085115 0.050671 0.029647 0.017377 0.010300 0.005966 0.003577 0.002048 0.001243 0.000703 0.000432 0.000242 0.000149 0.000084 0.000050 0.000030 0.000015 0.000011 
0.244261 0.149701 0.085817 0.051067 0.029915 0.017503 0.010396 0.006010 0.003609 0.002065 0.001252 0.000711 0.000433 0.000246 0.000148 0.000087 0.000049 0.000032 0.000015 0.000012 
0.245689 0.150860 0.086434 0.051415 0.030151 0.017614 0.010480 0.006048 0.003636 0.002080 0.001259 0.000718 0.000433 0.000250 0.000147 0.000089 0.000048 0.000033 0.000014 0.000013 
0.246914 0.151855 0.086965 0.051712 0.030353 0.017710 0.010552 0.006082 0.003660 0.002094 0.001265 0.000724 0.000434 0.000254 0.000146 0.000091 0.000047 0.000034 0.000013 0.000013 
0.247934 0.152685 0.087409 0.051960 0.030523 0.017789 0.010612 0.006110 0.003679 0.002105 0.001270 0.000730 0.000434 0.000257 0.000145 0.000093 0.000046 0.000035 0.000013 0.000014 
0.248750 0.153351 0.087765 0.052158 0.030659 0.017853 0.010660 0.006132 0.003695 0.002114 0.001274 0.000734 0.000435 0.000259 0.000145 0.000094 0.000046 0.000036 0.000012 0.000014 
0.249362 0.153850 0.088032 0.052307 0.030761 0.017901 0.010697 0.006149 0.003706 0.002121 0.001277 0.000738 0.000435 0.000261 0.000144 0.000095 0.000045 0.000036 0.000012 0.000014 
0.249770 0.154183 0.088211 0.052406 0.030829 0.017932 0.010721 0.006160 0.003714 0.002126 0.001279 0.000740 0.000435 0.000262 0.000144 0.000096 0.000045 0.000037 0.000012 0.000014 
0.249974 0.154350 0.088300 0.052456 0.030863 0.017948 0.010733 0.006166 0.003718 0.002128 0.001280 0.000741 0.000435 0.000263 0.000144 0.000096 0.000045 0.000037 0.000012 0.000014 
0.249974 0.154350 0.088300 0.052456 0.030863 0.017948 0.010733 0.006166 0.003718 0.002128 0.001280 0.000741 0.000435 0.000263 0.000144 0.000096 0.000045 0.000037 0.000012 0.000014 
0.249770 0.154183 0.088211 0.052406 0.030829 0.017932 0.010721 0.006160 0.003714 0.002126 0.001279 0.000740 0.000435 0.000262 0.000144 0.000096 0.000045 0.000037 0.000012 0.000014 
0.249362 0.153850 0.088032 0.052307 0.030761 0.017901 0.010697 0.006149 0.003706 0.002121 0.001277 0.000738 0.000435 0.000261 0.000144 0.000095 0.000045 0.000036 0.000012 0.000014 
0.248750 0.153351 0.087765 0.052158 0.030659 0.017853 0.010660 0.006132 0.003695 0.002114 0.001274 0.000734 0.000435 0.000259 0.000145 0.000094 0.000046 0.000036 0.000012 0.000014 
0.247934 0.152685 0.087409 0.051960 0.030523 0.017789 0.010612 0.006110 0.003679 0.002105 0.001270 0.000730 0.000434 0.000257 0.000145 0.000093 0.000046 0.000035 0.000013 0.000014 
0.246914 0.151855 0.086965 0.051712 0.030353 0.017710 0.010552 0.006082 0.003660 0.002094 0.001265 0.000724 0.000434 0.000254 0.000146 0.000091 0.000047 0.000034 0.000013 0.000013 
0.245689 0.150860 0.086434 0.051415 0.030151 0.017614 0.010480 0.006048 0.003636 0.002080 0.001259 0.000718 0.000433 0.000250 0.000147 0.000089 0.000048 0.000033 0.000014 0.000013 
0.244261 0.149701 0.085817 0.051067 0.029915 0.017503 0.010396 0.006010 0.003609 0.002065 0.001252 0.000711 0.000433 0.000246 0.000148 0.000087 0.000049 0.000032 0.000015 0.000012 
0.242628 0.148380 0.085115 0.050671 0.029647 0.017377 0.010300 0.005966 0.003577 0.002048 0.001243 0.000703 0.000432 0.000242 0.000149 0.000084 0.000050 0.000030 0.000015 0.000011 
0.240792 0.146898 0.084328 0.050225 0.029347 0.017234 0.010193 0.005917 0.003542 0.002029 0.001233 0.000694 0.000430 0.000237 0.000150 0.000081 0.000051 0.000029 0.000016 0.000010 
0.238751 0.145255 0.083460 0.049729 0.029016 0.017076 0.010074 0.005864 0.003501 0.002009 0.001221 0.000685 0.000428 0.000232 0.000151 0.000078 0.000053 0.000027 0.000018 0.000009 
0.236506 0.143455 0.082510 0.049183 0.028655 0.016902 0.009943 0.005805 0.003457 0.001987 0.001208 0.000675 0.000426 0.000227 0.000152 0.000075 0.000054 0.000025 0.000019 0.000008 
0.234058 0.141497 0.081480 0.048588 0.028263 0.016713 0.009801 0.005742 0.003408 0.001964 0.001193 0.000665 0.000422 0.000221 0.000152 0.000072 0.000056 0.000022 0.000020 0.000006 
0.231405 0.139385 0.080373 0.047943 0.027842 0.016508 0.009647 0.005674 0.003355 0.001939 0.001176 0.000655 0.000419 0.000216 0.000153 0.000068 0.000057 0.000020 0.000022 0.000005 
0.228548 0.137120 0.079190 0.047249 0.027393 0.016288 0.009483 0.005602 0.003297 0.001914 0.001157 0.000645 0.000414 0.000211 0.000153 0.000065 0.000059 0.000018 0.000023 0.000003 
0.225487 0.134704 0.077932 0.046505 0.026916 0.016052 0.009308 0.005526 0.003234 0.001888 0.001136 0.000635 0.000408 0.000206 0.000152 0.000062 0.000060 0.000015 0.000025 0.000001 
0.222222 0.132141 0.076602 0.045711 0.026413 0.015799 0.009123 0.005445 0.003167 0.001861 0.001113 0.000625 0.000401 0.000201 0.000151 0.000059 0.000061 0.000013 0.000027 -0.000001 
0.218753 0.129433 0.075202 0.044867 0.025885 0.015531 0.008928 0.005359 0.003095 0.001834 0.001087 0.000615 0.000392 0.000197 0.000149 0.000056 0.000062 0.000011 0.000028 -0.000003 
0.215080 0.126582 0.073735 0.043974 0.025333 0.015247 0.008723 0.005270 0.003020 0.001806 0.001059 0.000607 0.000383 0.000193 0.000147 0.000054 0.000062 0.000009 0.000029 -0.000004 
0.211203 0.123592 0.072201 0.043032 0.024759 0.014946 0.008510 0.005176 0.002939 0.001778 0.001029 0.000598 0.000371 0.000191 0.000143 0.000052 0.000062 0.000007 0.000030 -0.000006 
0.207122 0.120467 0.070603 0.042040 0.024163 0.014629 0.008288 0.005077 0.002855 0.001750 0.000996 0.000591 0.000358 0.000189 0.000138 0.000052 0.000060 0.000006 0.000031 -0.000007 
0.202836 0.117209 0.068945 0.040999 0.023546 0.014295 0.008059 0.004973 0.002767 0.001720 0.000960 0.000585 0.000344 0.000189 0.000132 0.000052 0.000058 0.000006 0.000031 -0.000008 
0.198347 0.113824 0.067227 0.039908 0.022912 0.013943 0.007823 0.004864 0.002676 0.001690 0.000923 0.000579 0.000327 0.000189 0.000125 0.000053 0.000055 0.000007 0.000030 -0.000008 
0.193654 0.110315 0.065452 0.038769 0.022260 0.013574 0.007581 0.004750 0.002582 0.001660 0.000883 0.000574 0.000309 0.000191 0.000116 0.000056 0.000051 0.000008 0.000028 -0.000008 
0.188756 0.106688 0.063622 0.037581 0.021593 0.013186 0.007333 0.004630 0.002485 0.001628 0.000842 0.000570 0.000289 0.000194 0.000105 0.000059 0.000045 0.000011 0.000025 -0.000006 
0.183655 0.102946 0.061739 0.036345 0.020912 0.012780 0.007082 0.004503 0.002386 0.001594 0.000799 0.000566 0.000268 0.000198 0.000093 0.000065 0.000038 0.000015 0.000021 -0.000004 
0.178349 0.099095 0.059805 0.035061 0.020219 0.012354 0.006829 0.004369 0.002287 0.001559 0.000754 0.000563 0.000245 0.000204 0.000080 0.000071 0.000030 0.000020 0.000015 -0.000000 
0.172840 0.095141 0.057823 0.033731 0.019516 0.011909 0.006573 0.004227 0.002187 0.001521 0.000710 0.000559 0.000221 0.000210 0.000065 0.000079 0.000020 0.000027 0.000009 0.000005 
0.167126 0.091090 0.055792 0.032354 0.018802 0.011443 0.006317 0.004076 0.002088 0.001479 0.000666 0.000554 0.000197 0.000216 0.000050 0.000088 0.000009 0.000035 0.000000 0.000012 
0.161208 0.086948 0.053716 0.030933 0.018082 0.010957 0.006062 0.003916 0.001991 0.001434 0.000622 0.000548 0.000173 0.000223 0.000033 0.000097 -0.000004 0.000044 -0.000009 0.000020 
0.155086 0.082722 0.051594 0.029469 0.017354 0.010449 0.005809 0.003746 0.001897 0.001383 0.000581 0.000539 0.000149 0.000228 0.000017 0.000107 -0.000017 0.000055 -0.000020 0.000029 
0.148760 0.078420 0.049429 0.027963 0.016621 0.009920 0.005560 0.003564 0.001807 0.001326 0.000543 0.000527 0.000128 0.000233 0.000001 0.000116 -0.000030 0.000065 -0.000031 0.000039 
0.142230 0.074050 0.047219 0.026418 0.015884 0.009370 0.005315 0.003369 0.001723 0.001261 0.000509 0.000511 0.000109 0.000235 -0.000013 0.000125 -0.000042 0.000075 -0.000042 0.000049 
0.135496 0.069619 0.044966 0.024836 0.015143 0.008798 0.005075 0.003162 0.001645 0.001188 0.000481 0.000489 0.000095 0.000233 -0.000024 0.000131 -0.000053 0.000085 -0.000053 0.000059 
0.128558 0.065137 0.042669 0.023220 0.014398 0.008205 0.004842 0.002940 0.001576 0.001105 0.000460 0.000460 0.000086 0.000226 -0.000032 0.000134 -0.000062 0.000092 -0.000063 0.000068 
0.121416 0.060613 0.040326 0.021574 0.013649 0.007593 0.004616 0.002705 0.001515 0.001012 0.000447 0.000423 0.000084 0.000213 -0.000034 0.000132 -0.000066 0.000096 -0.000069 0.000075 
0.114070 0.056057 0.037936 0.019902 0.012894 0.006962 0.004397 0.002455 0.001464 0.000906 0.000444 0.000376 0.000090 0.000192 -0.000030 0.000125 -0.000066 0.000095 -0.000072 0.000079 
0.106520 0.051480 0.035496 0.018210 0.012134 0.006315 0.004184 0.002191 0.001423 0.000789 0.000451 0.000319 0.000105 0.000162 -0.000017 0.000109 -0.000058 0.000088 -0.000069 0.000077 
0.098765 0.046895 0.033004 0.016503 0.011363 0.005655 0.003976 0.001915 0.001392 0.000659 0.000469 0.000250 0.000132 0.000122 0.000006 0.000084 -0.000041 0.000073 -0.000058 0.000068 
0.090807 0.042312 0.030456 0.014790 0.010580 0.004985 0.003771 0.001627 0.001370 0.000518 0.000498 0.000169 0.000169 0.000070 0.000040 0.000048 -0.000014 0.000048 -0.000038 0.000051 
0.082645 0.037745 0.027844 0.013078 0.009779 0.004311 0.003566 0.001333 0.001354 0.000367 0.000537 0.000078 0.000218 0.000007 0.000085 0.000002 0.000023 0.000012 -0.000008 0.000023 
0.074278 0.033209 0.025165 0.011377 0.008955 0.003640 0.003354 0.001035 0.001341 0.000209 0.000583 -0.000023 0.000277 -0.000067 0.000141 -0.000057 0.000072 -0.000036 0.000034 -0.000016 
0.065708 0.028717 0.022409 0.009699 0.008098 0.002981 0.003130 0.000741 0.001326 0.000049 0.000633 -0.000130 0.000342 -0.000149 0.000205 -0.000125 0.000132 -0.000094 0.000087 -0.000066 
0.056933 0.024286 0.019568 0.008056 0.007199 0.002344 0.002884 0.000459 0.001301 -0.000106 0.000679 -0.000237 0.000409 -0.000235 0.000275 -0.000199 0.000199 -0.000160 0.000149 -0.000126 
0.047954 0.019933 0.016632 0.006465 0.006245 0.001743 0.002604 0.000202 0.001254 -0.000245 0.000713 -0.000334 0.000470 -0.000316 0.000343 -0.000273 0.000266 -0.000229 0.000214 -0.000190 
0.038772 0.015675 0.013586 0.004944 0.005221 0.001195 0.002275 -0.000015 0.001171 -0.000354 0.000720 -0.000409 0.000511 -0.000381 0.000397 -0.000335 0.000325 -0.000290 0.000274 -0.000251 
0.029385 0.011532 0.010418 0.003511 0.004109 0.000719 0.001877 -0.000172 0.001034 -0.000413 0.000682 -0.000443 0.000515 -0.000413 0.000420 -0.000370 0.000358 -0.000328 0.000313 -0.000292 
0.019794 0.007524 0.007111 0.002191 0.002886 0.000340 0.001387 -0.000245 0.000815 -0.000398 0.000574 -0.000411 0.000456 -0.000385 0.000388 -0.000351 0.000341 -0.000319 0.000307 -0.000291 
0.009999 0.003672 0.003646 0.001011 0.001527 0.000089 0.000773 -0.000201 0.000485 -0.000274 0.000361 -0.000279 0.000300 -0.000264 0.000264 -0.000245 0.000239 -0.000227 0.000220 -0.000211 
0.000000 0.000000 0.000000 0.000000 0.000000 0.000000 0.000000 0.000000 0.000000 0.000000 0.000000 0.000000 0.000000 0.000000 0.000000 0.000000 0.000000 0.000000 0.000000 0.000000 
