0.000000 0.000000 0.000000 0.000000 0.000000 
0.049861 0.004381 0.006913 -0.003057 0.003112 
0.094183 0.012293 0.010404 -0.003129 0.003509 
0.132964 0.022120 0.011894 -0.001796 0.002794 
0.166205 0.032579 0.012297 0.000016 0.001803 
0.193906 0.042658 0.012181 0.001804 0.000914 
0.216066 0.051577 0.011874 0.003322 0.000257 
0.232687 0.058748 0.011557 0.004471 -0.000167 
0.243767 0.063753 0.011317 0.005230 -0.000405 
0.249307 0.066321 0.011190 0.005604 -0.000509 
0.249307 0.066321 0.011190 0.005604 -0.000509 
0.243767 0.063753 0.011317 0.005230 -0.000405 
0.232687 0.058748 0.011557 0.004471 -0.000167 
0.216066 0.051577 0.011874 0.003322 0.000257 
0.193906 0.042658 0.012181 0.001804 0.000914 
0.166205 0.032579 0.012297 0.000016 0.001803 
0.132964 0.022120 0.011894 -0.001796 0.002794 
0.094183 0.012293 0.010404 -0.003129 0.003509 
0.049861 0.004381 0.006913 -0.003057 0.003112 
0.000000 0.000000 0.000000 0.000000 0.000000 
