0.000000 0.000000 0.000000 0.000000 0.000000 0.000000 0.000000 0.000000 0.000000 0.000000 0.000000 0.000000 0.000000 0.000000 0.000000 0.000000 0.000000 0.000000 0.000000 0.000000 
0.009999 -0.005359 0.003255 -0.002281 0.001812 -0.001569 0.001429 -0.001337 0.001269 -0.001213 0.001164 -0.001119 0.001079 -0.001041 0.001006 -0.000973 0.000942 -0.000914 0.000887 -0.000861 
0.019794 -0.010519 0.006316 -0.004370 0.003433 -0.002949 0.002670 -0.002487 0.002351 -0.002240 0.002142 -0.002055 0.001974 -0.001899 0.001830 -0.001765 0.001705 -0.001648 0.001595 -0.001545 
0.029385 -0.015488 0.009191 -0.006277 0.004876 -0.004152 0.003737 -0.003465 0.003263 -0.003098 0.002954 -0.002825 0.002706 -0.002596 0.002494 -0.002398 0.002309 -0.002226 0.002148 -0.002074 
0.038772 -0.020269 0.011888 -0.008013 0.006151 -0.005192 0.004643 -0.004285 0.004021 -0.003804 0.003616 -0.003447 0.003292 -0.003149 0.003016 -0.002892 0.002776 -0.002667 0.002566 -0.002470 
0.047954 -0.024870 0.014417 -0.009588 0.007271 -0.006081 0.005402 -0.004962 0.004637 -0.004373 0.004144 -0.003938 0.003749 -0.003575 0.003413 -0.003263 0.003122 -0.002991 0.002868 -0.002753 
0.056933 -0.029294 0.016786 -0.011012 0.008246 -0.006830 0.006026 -0.005507 0.005126 -0.004817 0.004550 -0.004310 0.004091 -0.003889 0.003701 -0.003527 0.003364 -0.003213 0.003071 -0.002938 
0.065708 -0.033548 0.019001 -0.012294 0.009087 -0.007450 0.006526 -0.005933 0.005500 -0.005151 0.004849 -0.004579 0.004332 -0.004105 0.003895 -0.003699 0.003517 -0.003347 0.003189 -0.003041 
0.074278 -0.037636 0.021071 -0.013442 0.009803 -0.007952 0.006913 -0.006251 0.005770 -0.005384 0.005052 -0.004755 0.004485 -0.004236 0.004006 -0.003792 0.003594 -0.003408 0.003236 -0.003075 
0.082645 -0.041564 0.023004 -0.014466 0.010403 -0.008345 0.007197 -0.006470 0.005947 -0.005529 0.005170 -0.004851 0.004560 -0.004293 0.004046 -0.003817 0.003605 -0.003407 0.003223 -0.003051 
0.090807 -0.045336 0.024805 -0.015374 0.010897 -0.008639 0.007388 -0.006602 0.006041 -0.005595 0.005214 -0.004875 0.004568 -0.004286 0.004026 -0.003785 0.003561 -0.003354 0.003161 -0.002981 
0.098765 -0.048956 0.026483 -0.016173 0.011292 -0.008842 0.007494 -0.006655 0.006060 -0.005591 0.005192 -0.004838 0.004518 -0.004224 0.003954 -0.003704 0.003473 -0.003258 0.003058 -0.002873 
0.106520 -0.052430 0.028042 -0.016871 0.011597 -0.008963 0.007524 -0.006637 0.006014 -0.005526 0.005113 -0.004748 0.004418 -0.004116 0.003839 -0.003583 0.003346 -0.003127 0.002923 -0.002735 
0.114070 -0.055761 0.029491 -0.017475 0.011819 -0.009008 0.007485 -0.006556 0.005909 -0.005407 0.004984 -0.004612 0.004276 -0.003970 0.003688 -0.003429 0.003190 -0.002968 0.002763 -0.002573 
0.121416 -0.058954 0.030834 -0.017992 0.011965 -0.008986 0.007385 -0.006419 0.005754 -0.005241 0.004813 -0.004437 0.004099 -0.003791 0.003509 -0.003249 0.003010 -0.002788 0.002584 -0.002395 
0.128558 -0.062013 0.032078 -0.018429 0.012043 -0.008904 0.007231 -0.006233 0.005554 -0.005036 0.004605 -0.004229 0.003892 -0.003586 0.003306 -0.003048 0.002811 -0.002592 0.002391 -0.002204 
0.135496 -0.064941 0.033229 -0.018792 0.012058 -0.008767 0.007029 -0.006004 0.005317 -0.004797 0.004368 -0.003995 0.003662 -0.003360 0.003084 -0.002832 0.002599 -0.002385 0.002188 -0.002006 
0.142230 -0.067744 0.034291 -0.019086 0.012017 -0.008582 0.006785 -0.005739 0.005046 -0.004528 0.004105 -0.003739 0.003413 -0.003118 0.002850 -0.002604 0.002378 -0.002170 0.001980 -0.001804 
0.148760 -0.070423 0.035270 -0.019318 0.011926 -0.008355 0.006505 -0.005442 0.004748 -0.004237 0.003822 -0.003465 0.003149 -0.002864 0.002605 -0.002368 0.002151 -0.001952 0.001769 -0.001601 
0.155086 -0.072984 0.036170 -0.019494 0.011789 -0.008090 0.006193 -0.005118 0.004428 -0.003926 0.003523 -0.003179 0.002875 -0.002602 0.002354 -0.002128 0.001922 -0.001732 0.001559 -0.001400 
0.161208 -0.075429 0.036998 -0.019617 0.011614 -0.007794 0.005855 -0.004772 0.004089 -0.003600 0.003212 -0.002883 0.002593 -0.002334 0.002100 -0.001887 0.001692 -0.001514 0.001352 -0.001203 
0.167126 -0.077761 0.037757 -0.019694 0.011403 -0.007471 0.005495 -0.004409 0.003736 -0.003262 0.002892 -0.002580 0.002308 -0.002065 0.001846 -0.001647 0.001466 -0.001300 0.001149 -0.001011 
0.172840 -0.079985 0.038451 -0.019728 0.011163 -0.007125 0.005117 -0.004032 0.003372 -0.002917 0.002566 -0.002274 0.002020 -0.001795 0.001593 -0.001409 0.001243 -0.001091 0.000953 -0.000827 
0.178349 -0.082102 0.039085 -0.019725 0.010897 -0.006760 0.004726 -0.003644 0.003001 -0.002567 0.002238 -0.001967 0.001734 -0.001528 0.001343 -0.001177 0.001026 -0.000889 0.000764 -0.000651 
0.183655 -0.084117 0.039663 -0.019689 0.010609 -0.006381 0.004324 -0.003250 0.002626 -0.002214 0.001909 -0.001661 0.001450 -0.001265 0.001099 -0.000950 0.000816 -0.000694 0.000583 -0.000484 
0.188756 -0.086031 0.040189 -0.019623 0.010304 -0.005991 0.003916 -0.002851 0.002249 -0.001862 0.001582 -0.001359 0.001171 -0.001007 0.000861 -0.000731 0.000614 -0.000508 0.000412 -0.000326 
0.193654 -0.087847 0.040667 -0.019532 0.009985 -0.005593 0.003504 -0.002452 0.001873 -0.001513 0.001259 -0.001062 0.000898 -0.000756 0.000631 -0.000520 0.000420 -0.000331 0.000250 -0.000178 
0.198347 -0.089569 0.041099 -0.019419 0.009656 -0.005191 0.003091 -0.002054 0.001500 -0.001168 0.000942 -0.000771 0.000632 -0.000513 0.000409 -0.000318 0.000236 -0.000163 0.000098 -0.000039 
0.202836 -0.091198 0.041489 -0.019288 0.009320 -0.004788 0.002680 -0.001661 0.001132 -0.000829 0.000632 -0.000488 0.000374 -0.000279 0.000197 -0.000125 0.000062 -0.000006 -0.000044 0.000089 
0.207122 -0.092737 0.041841 -0.019142 0.008980 -0.004386 0.002274 -0.001273 0.000772 -0.000498 0.000330 -0.000214 0.000126 -0.000054 -0.000006 0.000058 -0.000103 0.000142 -0.000177 0.000207 
0.211203 -0.094188 0.042157 -0.018984 0.008638 -0.003988 0.001874 -0.000893 0.000421 -0.000177 0.000038 0.000050 -0.000113 0.000161 -0.000199 0.000230 -0.000257 0.000280 -0.000299 0.000316 
0.215080 -0.095554 0.042440 -0.018817 0.008299 -0.003597 0.001483 -0.000523 0.000079 0.000134 -0.000243 0.000304 -0.000341 0.000365 -0.000381 0.000393 -0.000402 0.000408 -0.000412 0.000415 
0.218753 -0.096836 0.042694 -0.018643 0.007963 -0.003215 0.001103 -0.000165 -0.000250 0.000433 -0.000513 0.000546 -0.000557 0.000558 -0.000553 0.000545 -0.000536 0.000526 -0.000516 0.000505 
0.222222 -0.098036 0.042919 -0.018466 0.007634 -0.002843 0.000735 0.000180 -0.000566 0.000719 -0.000770 0.000776 -0.000762 0.000740 -0.000714 0.000687 -0.000661 0.000635 -0.000611 0.000587 
0.225487 -0.099157 0.043119 -0.018287 0.007314 -0.002485 0.000382 0.000511 -0.000869 0.000992 -0.001014 0.000994 -0.000956 0.000911 -0.000865 0.000820 -0.000776 0.000735 -0.000697 0.000661 
0.228548 -0.100199 0.043297 -0.018109 0.007004 -0.002140 0.000044 0.000827 -0.001156 0.001251 -0.001245 0.001199 -0.001137 0.001071 -0.001005 0.000942 -0.000882 0.000827 -0.000775 0.000727 
0.231405 -0.101164 0.043453 -0.017934 0.006707 -0.001812 -0.000277 0.001125 -0.001428 0.001494 -0.001462 0.001391 -0.001307 0.001219 -0.001135 0.001054 -0.000979 0.000909 -0.000845 0.000786 
0.234058 -0.102055 0.043590 -0.017763 0.006424 -0.001501 -0.000580 0.001407 -0.001683 0.001723 -0.001665 0.001570 -0.001464 0.001357 -0.001254 0.001157 -0.001067 0.000984 -0.000908 0.000838 
0.236506 -0.102871 0.043710 -0.017599 0.006157 -0.001210 -0.000864 0.001669 -0.001920 0.001935 -0.001853 0.001735 -0.001608 0.001483 -0.001363 0.001251 -0.001147 0.001052 -0.000964 0.000884 
0.238751 -0.103616 0.043814 -0.017443 0.005907 -0.000938 -0.001127 0.001912 -0.002140 0.002130 -0.002026 0.001887 -0.001741 0.001598 -0.001462 0.001335 -0.001219 0.001112 -0.001014 0.000924 
0.240792 -0.104289 0.043905 -0.017297 0.005676 -0.000688 -0.001369 0.002136 -0.002341 0.002309 -0.002183 0.002025 -0.001861 0.001701 -0.001551 0.001411 -0.001283 0.001165 -0.001058 0.000959 
0.242628 -0.104891 0.043982 -0.017161 0.005465 -0.000460 -0.001589 0.002338 -0.002523 0.002471 -0.002325 0.002149 -0.001969 0.001794 -0.001631 0.001479 -0.001339 0.001212 -0.001096 0.000990 
0.244261 -0.105424 0.044047 -0.017038 0.005275 -0.000255 -0.001786 0.002519 -0.002686 0.002615 -0.002452 0.002260 -0.002065 0.001877 -0.001701 0.001538 -0.001389 0.001253 -0.001129 0.001016 
0.245689 -0.105889 0.044103 -0.016928 0.005106 -0.000074 -0.001960 0.002679 -0.002829 0.002742 -0.002563 0.002357 -0.002148 0.001949 -0.001762 0.001589 -0.001432 0.001288 -0.001157 0.001037 
0.246914 -0.106286 0.044148 -0.016831 0.004960 0.000082 -0.002110 0.002817 -0.002952 0.002851 -0.002659 0.002440 -0.002220 0.002010 -0.001814 0.001633 -0.001468 0.001317 -0.001180 0.001055 
0.247934 -0.106616 0.044185 -0.016750 0.004837 0.000213 -0.002236 0.002932 -0.003055 0.002942 -0.002738 0.002509 -0.002279 0.002061 -0.001857 0.001669 -0.001497 0.001341 -0.001199 0.001070 
0.248750 -0.106879 0.044213 -0.016684 0.004739 0.000318 -0.002337 0.003024 -0.003138 0.003014 -0.002802 0.002564 -0.002327 0.002101 -0.001891 0.001698 -0.001521 0.001360 -0.001214 0.001081 
0.249362 -0.107076 0.044234 -0.016634 0.004664 0.000398 -0.002413 0.003094 -0.003200 0.003069 -0.002850 0.002605 -0.002362 0.002131 -0.001916 0.001719 -0.001538 0.001374 -0.001225 0.001090 
0.249770 -0.107208 0.044248 -0.016601 0.004614 0.000451 -0.002464 0.003140 -0.003242 0.003106 -0.002882 0.002633 -0.002386 0.002152 -0.001934 0.001733 -0.001550 0.001383 -0.001232 0.001095 
0.249974 -0.107273 0.044255 -0.016584 0.004589 0.000477 -0.002489 0.003164 -0.003262 0.003124 -0.002898 0.002647 -0.002398 0.002162 -0.001942 0.001740 -0.001556 0.001388 -0.001236 0.001098 
0.249974 -0.107273 0.044255 -0.016584 0.004589 0.000477 -0.002489 0.003164 -0.003262 0.003124 -0.002898 0.002647 -0.002398 0.002162 -0.001942 0.001740 -0.001556 0.001388 -0.001236 0.001098 
0.249770 -0.107208 0.044248 -0.016601 0.004614 0.000451 -0.002464 0.003140 -0.003242 0.003106 -0.002882 0.002633 -0.002386 0.002152 -0.001933 0.001733 -0.001550 0.001383 -0.001232 0.001095 
0.249362 -0.107076 0.044234 -0.016634 0.004664 0.000398 -0.002413 0.003094 -0.003200 0.003069 -0.002850 0.002605 -0.002362 0.002131 -0.001916 0.001719 -0.001538 0.001374 -0.001225 0.001090 
0.248750 -0.106879 0.044213 -0.016684 0.004739 0.000318 -0.002337 0.003024 -0.003138 0.003014 -0.002802 0.002564 -0.002327 0.002101 -0.001891 0.001698 -0.001521 0.001360 -0.001214 0.001081 
0.247934 -0.106616 0.044185 -0.016750 0.004837 0.000213 -0.002236 0.002932 -0.003055 0.002942 -0.002738 0.002509 -0.002279 0.002061 -0.001857 0.001669 -0.001497 0.001341 -0.001199 0.001070 
0.246914 -0.106286 0.044148 -0.016831 0.004960 0.000082 -0.002110 0.002817 -0.002952 0.002851 -0.002659 0.002440 -0.002220 0.002010 -0.001814 0.001633 -0.001468 0.001317 -0.001180 0.001055 
0.245689 -0.105889 0.044103 -0.016928 0.005106 -0.000074 -0.001960 0.002679 -0.002829 0.002742 -0.002563 0.002357 -0.002148 0.001948 -0.001762 0.001589 -0.001432 0.001288 -0.001157 0.001037 
0.244261 -0.105424 0.044047 -0.017038 0.005275 -0.000255 -0.001786 0.002519 -0.002686 0.002615 -0.002452 0.002260 -0.002065 0.001877 -0.001701 0.001538 -0.001389 0.001253 -0.001129 0.001016 
0.242628 -0.104891 0.043982 -0.017161 0.005465 -0.000460 -0.001589 0.002338 -0.002523 0.002471 -0.002325 0.002149 -0.001969 0.001794 -0.001631 0.001479 -0.001339 0.001212 -0.001096 0.000990 
0.240792 -0.104289 0.043905 -0.017297 0.005676 -0.000688 -0.001369 0.002136 -0.002341 0.002309 -0.002183 0.002025 -0.001861 0.001701 -0.001551 0.001411 -0.001283 0.001165 -0.001058 0.000959 
0.238751 -0.103616 0.043814 -0.017443 0.005907 -0.000938 -0.001127 0.001912 -0.002140 0.002130 -0.002026 0.001887 -0.001741 0.001598 -0.001462 0.001335 -0.001219 0.001112 -0.001014 0.000924 
0.236506 -0.102871 0.043710 -0.017599 0.006157 -0.001210 -0.000864 0.001669 -0.001920 0.001935 -0.001853 0.001735 -0.001608 0.001483 -0.001363 0.001251 -0.001147 0.001052 -0.000964 0.000884 
0.234058 -0.102055 0.043590 -0.017763 0.006424 -0.001501 -0.000580 0.001407 -0.001683 0.001723 -0.001665 0.001570 -0.001464 0.001357 -0.001254 0.001157 -0.001067 0.000984 -0.000908 0.000838 
0.231405 -0.101164 0.043453 -0.017934 0.006707 -0.001812 -0.000277 0.001125 -0.001428 0.001494 -0.001462 0.001391 -0.001307 0.001219 -0.001135 0.001054 -0.000979 0.000909 -0.000845 0.000786 
0.228548 -0.100199 0.043297 -0.018109 0.007004 -0.002140 0.000044 0.000827 -0.001156 0.001251 -0.001245 0.001199 -0.001137 0.001071 -0.001005 0.000942 -0.000882 0.000827 -0.000775 0.000727 
0.225487 -0.099157 0.043119 -0.018287 0.007314 -0.002485 0.000382 0.000511 -0.000869 0.000992 -0.001014 0.000994 -0.000956 0.000911 -0.000865 0.000820 -0.000776 0.000735 -0.000697 0.000661 
0.222222 -0.098036 0.042919 -0.018466 0.007634 -0.002843 0.000735 0.000180 -0.000566 0.000719 -0.000770 0.000776 -0.000762 0.000740 -0.000714 0.000687 -0.000661 0.000635 -0.000611 0.000587 
0.218753 -0.096836 0.042694 -0.018643 0.007963 -0.003215 0.001103 -0.000165 -0.000250 0.000433 -0.000513 0.000546 -0.000557 0.000558 -0.000553 0.000545 -0.000536 0.000526 -0.000516 0.000505 
0.215080 -0.095554 0.042440 -0.018817 0.008299 -0.003597 0.001483 -0.000524 0.000079 0.000134 -0.000243 0.000304 -0.000341 0.000365 -0.000381 0.000393 -0.000402 0.000408 -0.000412 0.000415 
0.211203 -0.094188 0.042157 -0.018984 0.008638 -0.003988 0.001874 -0.000893 0.000421 -0.000177 0.000038 0.000050 -0.000113 0.000161 -0.000199 0.000230 -0.000257 0.000280 -0.000299 0.000316 
0.207122 -0.092737 0.041841 -0.019142 0.008980 -0.004386 0.002274 -0.001273 0.000772 -0.000498 0.000330 -0.000214 0.000126 -0.000054 -0.000006 0.000058 -0.000103 0.000142 -0.000177 0.000207 
0.202836 -0.091198 0.041489 -0.019288 0.009320 -0.004788 0.002680 -0.001661 0.001132 -0.000829 0.000632 -0.000488 0.000374 -0.000279 0.000197 -0.000125 0.000062 -0.000006 -0.000044 0.000089 
0.198347 -0.089569 0.041099 -0.019420 0.009656 -0.005191 0.003091 -0.002055 0.001500 -0.001168 0.000942 -0.000771 0.000632 -0.000513 0.000409 -0.000318 0.000236 -0.000163 0.000098 -0.000039 
0.193654 -0.087847 0.040667 -0.019532 0.009985 -0.005593 0.003504 -0.002452 0.001873 -0.001513 0.001259 -0.001062 0.000898 -0.000756 0.000631 -0.000520 0.000420 -0.000331 0.000250 -0.000178 
0.188756 -0.086031 0.040189 -0.019623 0.010304 -0.005991 0.003916 -0.002851 0.002249 -0.001862 0.001582 -0.001359 0.001171 -0.001007 0.000861 -0.000731 0.000614 -0.000508 0.000412 -0.000326 
0.183655 -0.084117 0.039663 -0.019689 0.010609 -0.006381 0.004324 -0.003250 0.002626 -0.002214 0.001909 -0.001661 0.001450 -0.001265 0.001099 -0.000950 0.000816 -0.000694 0.000583 -0.000483 
0.178349 -0.082102 0.039085 -0.019725 0.010897 -0.006760 0.004726 -0.003644 0.003001 -0.002567 0.002238 -0.001967 0.001734 -0.001528 0.001343 -0.001177 0.001026 -0.000889 0.000764 -0.000651 
0.172840 -0.079985 0.038451 -0.019728 0.011163 -0.007125 0.005117 -0.004032 0.003372 -0.002917 0.002566 -0.002274 0.002020 -0.001795 0.001593 -0.001409 0.001243 -0.001091 0.000953 -0.000827 
0.167126 -0.077761 0.037757 -0.019694 0.011403 -0.007471 0.005495 -0.004409 0.003736 -0.003262 0.002891 -0.002580 0.002308 -0.002065 0.001846 -0.001647 0.001465 -0.001300 0.001149 -0.001011 
0.161208 -0.075429 0.036998 -0.019617 0.011614 -0.007794 0.005855 -0.004772 0.004089 -0.003600 0.003211 -0.002883 0.002593 -0.002334 0.002100 -0.001887 0.001692 -0.001514 0.001352 -0.001203 
0.155086 -0.072984 0.036170 -0.019494 0.011789 -0.008090 0.006193 -0.005118 0.004428 -0.003926 0.003523 -0.003179 0.002875 -0.002602 0.002354 -0.002128 0.001922 -0.001732 0.001559 -0.001400 
0.148760 -0.070423 0.035270 -0.019318 0.011926 -0.008355 0.006505 -0.005442 0.004748 -0.004237 0.003822 -0.003465 0.003149 -0.002864 0.002605 -0.002368 0.002151 -0.001952 0.001769 -0.001601 
0.142230 -0.067744 0.034291 -0.019086 0.012017 -0.008582 0.006785 -0.005739 0.005046 -0.004528 0.004105 -0.003739 0.003413 -0.003118 0.002850 -0.002604 0.002378 -0.002170 0.001980 -0.001804 
0.135496 -0.064941 0.033229 -0.018792 0.012058 -0.008767 0.007029 -0.006004 0.005317 -0.004797 0.004368 -0.003995 0.003662 -0.003360 0.003084 -0.002832 0.002599 -0.002385 0.002188 -0.002006 
0.128558 -0.062013 0.032078 -0.018429 0.012043 -0.008904 0.007231 -0.006233 0.005554 -0.005036 0.004605 -0.004229 0.003892 -0.003586 0.003306 -0.003048 0.002811 -0.002592 0.002391 -0.002204 
0.121416 -0.058954 0.030834 -0.017992 0.011965 -0.008986 0.007385 -0.006419 0.005754 -0.005241 0.004813 -0.004437 0.004099 -0.003791 0.003509 -0.003249 0.003010 -0.002788 0.002584 -0.002395 
0.114070 -0.055761 0.029491 -0.017475 0.011819 -0.009008 0.007485 -0.006556 0.005909 -0.005407 0.004984 -0.004612 0.004276 -0.003970 0.003689 -0.003429 0.003190 -0.002968 0.002763 -0.002573 
0.106520 -0.052430 0.028042 -0.016871 0.011597 -0.008963 0.007524 -0.006637 0.006014 -0.005526 0.005113 -0.004748 0.004418 -0.004116 0.003839 -0.003583 0.003346 -0.003127 0.002923 -0.002735 
0.098765 -0.048956 0.026483 -0.016173 0.011292 -0.008842 0.007494 -0.006655 0.006060 -0.005591 0.005192 -0.004838 0.004518 -0.004224 0.003954 -0.003704 0.003473 -0.003258 0.003058 -0.002873 
0.090807 -0.045336 0.024805 -0.015374 0.010897 -0.008639 0.007388 -0.006602 0.006041 -0.005595 0.005214 -0.004875 0.004568 -0.004286 0.004026 -0.003785 0.003561 -0.003354 0.003161 -0.002981 
0.082645 -0.041564 0.023004 -0.014466 0.010403 -0.008345 0.007197 -0.006471 0.005947 -0.005529 0.005170 -0.004851 0.004560 -0.004293 0.004046 -0.003817 0.003605 -0.003407 0.003223 -0.003051 
0.074278 -0.037636 0.021071 -0.013442 0.009803 -0.007952 0.006913 -0.006251 0.005770 -0.005384 0.005052 -0.004755 0.004485 -0.004236 0.004006 -0.003792 0.003594 -0.003408 0.003236 -0.003075 
0.065708 -0.033548 0.019001 -0.012294 0.009087 -0.007450 0.006526 -0.005933 0.005500 -0.005151 0.004849 -0.004579 0.004332 -0.004105 0.003895 -0.003699 0.003517 -0.003347 0.003189 -0.003041 
0.056933 -0.029294 0.016786 -0.011012 0.008246 -0.006830 0.006026 -0.005507 0.005126 -0.004817 0.004550 -0.004310 0.004091 -0.003889 0.003701 -0.003527 0.003364 -0.003213 0.003071 -0.002938 
0.047954 -0.024870 0.014417 -0.009588 0.007271 -0.006080 0.005402 -0.004962 0.004637 -0.004373 0.004144 -0.003938 0.003749 -0.003575 0.003413 -0.003263 0.003122 -0.002991 0.002868 -0.002753 
0.038772 -0.020269 0.011888 -0.008013 0.006151 -0.005192 0.004643 -0.004285 0.004021 -0.003804 0.003616 -0.003447 0.003292 -0.003149 0.003016 -0.002892 0.002776 -0.002667 0.002566 -0.002470 
0.029385 -0.015488 0.009191 -0.006277 0.004876 -0.004152 0.003737 -0.003465 0.003263 -0.003098 0.002954 -0.002825 0.002706 -0.002596 0.002494 -0.002398 0.002309 -0.002226 0.002148 -0.002074 
0.019794 -0.010519 0.006316 -0.004370 0.003433 -0.002949 0.002670 -0.002487 0.002351 -0.002240 0.002142 -0.002055 0.001974 -0.001899 0.001830 -0.001765 0.001705 -0.001648 0.001595 -0.001545 
0.009999 -0.005359 0.003255 -0.002281 0.001812 -0.001569 0.001429 -0.001337 0.001269 -0.001213 0.001164 -0.001119 0.001079 -0.001041 0.001006 -0.000973 0.000942 -0.000914 0.000887 -0.000861 
0.000000 0.000000 0.000000 0.000000 0.000000 0.000000 0.000000 0.000000 0.000000 0.000000 0.000000 0.000000 0.000000 0.000000 0.000000 0.000000 0.000000 0.000000 0.000000 0.000000 
