0.000000 0.000000 0.000000 0.000000 0.000000 0.000000 0.000000 0.000000 
0.033294 0.009754 0.008986 0.001096 0.003052 -0.000619 0.001475 -0.000838 
0.064209 0.021105 0.016348 0.003556 0.004804 -0.000059 0.001839 -0.000640 
0.092747 0.033401 0.022605 0.006696 0.005917 0.000979 0.001788 -0.000108 
0.118906 0.046101 0.028098 0.010071 0.006768 0.002115 0.001666 0.000431 
0.142687 0.058756 0.033035 0.013401 0.007553 0.003162 0.001618 0.000854 
0.164090 0.070997 0.037531 0.016519 0.008356 0.004044 0.001683 0.001139 
0.183115 0.082517 0.041633 0.019332 0.009194 0.004749 0.001848 0.001306 
0.199762 0.093068 0.045345 0.021793 0.010045 0.005290 0.002079 0.001388 
0.214031 0.102444 0.048642 0.023884 0.010876 0.005696 0.002339 0.001418 
0.225922 0.110485 0.051484 0.025606 0.011643 0.005992 0.002598 0.001419 
0.235434 0.117061 0.053827 0.026966 0.012307 0.006202 0.002829 0.001409 
0.242568 0.122074 0.055628 0.027973 0.012836 0.006344 0.003015 0.001396 
0.247325 0.125455 0.056851 0.028638 0.013203 0.006433 0.003145 0.001386 
0.249703 0.127156 0.057468 0.028969 0.013391 0.006475 0.003211 0.001380 
0.249703 0.127156 0.057468 0.028969 0.013391 0.006475 0.003211 0.001380 
0.247325 0.125455 0.056851 0.028638 0.013203 0.006433 0.003145 0.001386 
0.242568 0.122074 0.055628 0.027973 0.012836 0.006344 0.003015 0.001396 
0.235434 0.117061 0.053827 0.026966 0.012307 0.006202 0.002829 0.001409 
0.225922 0.110485 0.051484 0.025606 0.011643 0.005992 0.002598 0.001419 
0.214031 0.102444 0.048642 0.023884 0.010876 0.005696 0.002339 0.001418 
0.199762 0.093068 0.045345 0.021793 0.010045 0.005290 0.002079 0.001388 
0.183115 0.082517 0.041633 0.019332 0.009194 0.004749 0.001848 0.001306 
0.164090 0.070997 0.037531 0.016519 0.008356 0.004044 0.001683 0.001139 
0.142687 0.058756 0.033035 0.013401 0.007553 0.003162 0.001618 0.000854 
0.118906 0.046101 0.028098 0.010071 0.006768 0.002115 0.001666 0.000431 
0.092747 0.033401 0.022605 0.006696 0.005917 0.000979 0.001788 -0.000108 
0.064209 0.021105 0.016348 0.003556 0.004804 -0.000059 0.001839 -0.000640 
0.033294 0.009754 0.008986 0.001096 0.003052 -0.000619 0.001475 -0.000838 
0.000000 0.000000 0.000000 0.000000 0.000000 0.000000 0.000000 0.000000 
