0.000000 0.000000 0.000000 0.000000 0.000000 0.000000 0.000000 0.000000 0.000000 0.000000 0.000000 
0.024984 0.010083 0.009250 0.003317 0.003799 0.000797 0.001775 -0.000067 0.000977 -0.000328 0.000637 
0.048652 0.021090 0.017553 0.007426 0.006818 0.002297 0.002872 0.000497 0.001351 -0.000085 0.000729 
0.071006 0.032688 0.025170 0.011955 0.009400 0.004115 0.003667 0.001302 0.001506 0.000339 0.000660 
0.092045 0.044594 0.032281 0.016644 0.011755 0.006020 0.004361 0.002144 0.001628 0.000765 0.000598 
0.111769 0.056569 0.038999 0.021313 0.014001 0.007885 0.005053 0.002931 0.001792 0.001126 0.000597 
0.130178 0.068407 0.045392 0.025844 0.016193 0.009642 0.005777 0.003629 0.002016 0.001410 0.000659 
0.147272 0.079937 0.051488 0.030157 0.018349 0.011263 0.006537 0.004236 0.002288 0.001629 0.000766 
0.163051 0.091011 0.057292 0.034202 0.020463 0.012740 0.007316 0.004762 0.002590 0.001802 0.000897 
0.177515 0.101507 0.062788 0.037947 0.022516 0.014075 0.008095 0.005221 0.002902 0.001944 0.001035 
0.190664 0.111318 0.067949 0.041373 0.024481 0.015275 0.008852 0.005627 0.003206 0.002068 0.001166 
0.202498 0.120359 0.072742 0.044469 0.026333 0.016346 0.009568 0.005989 0.003490 0.002182 0.001284 
0.213018 0.128554 0.077127 0.047229 0.028044 0.017296 0.010228 0.006313 0.003747 0.002289 0.001385 
0.222222 0.135843 0.081067 0.049649 0.029591 0.018127 0.010820 0.006601 0.003972 0.002391 0.001469 
0.230112 0.142176 0.084522 0.051726 0.030953 0.018842 0.011337 0.006854 0.004162 0.002484 0.001536 
0.236686 0.147511 0.087460 0.053460 0.032113 0.019440 0.011772 0.007071 0.004319 0.002567 0.001588 
0.241946 0.151817 0.089848 0.054848 0.033056 0.019922 0.012123 0.007248 0.004442 0.002638 0.001628 
0.245891 0.155067 0.091662 0.055890 0.033773 0.020285 0.012387 0.007384 0.004533 0.002693 0.001655 
0.248521 0.157243 0.092883 0.056585 0.034255 0.020528 0.012564 0.007476 0.004593 0.002732 0.001673 
0.249836 0.158335 0.093496 0.056933 0.034497 0.020650 0.012652 0.007523 0.004623 0.002751 0.001682 
0.249836 0.158335 0.093496 0.056933 0.034497 0.020650 0.012652 0.007523 0.004623 0.002751 0.001682 
0.248521 0.157243 0.092883 0.056585 0.034255 0.020528 0.012564 0.007476 0.004593 0.002732 0.001673 
0.245891 0.155067 0.091662 0.055890 0.033773 0.020285 0.012387 0.007384 0.004533 0.002693 0.001655 
0.241946 0.151817 0.089848 0.054848 0.033056 0.019922 0.012123 0.007248 0.004442 0.002638 0.001628 
0.236686 0.147511 0.087460 0.053460 0.032113 0.019440 0.011772 0.007071 0.004319 0.002567 0.001588 
0.230112 0.142176 0.084522 0.051726 0.030953 0.018842 0.011337 0.006854 0.004162 0.002484 0.001536 
0.222222 0.135843 0.081067 0.049649 0.029591 0.018127 0.010820 0.006601 0.003972 0.002391 0.001469 
0.213018 0.128554 0.077127 0.047229 0.028044 0.017296 0.010228 0.006313 0.003747 0.002289 0.001385 
0.202498 0.120359 0.072742 0.044469 0.026333 0.016346 0.009568 0.005989 0.003490 0.002182 0.001284 
0.190664 0.111318 0.067949 0.041373 0.024481 0.015275 0.008852 0.005627 0.003206 0.002068 0.001166 
0.177515 0.101507 0.062788 0.037947 0.022516 0.014075 0.008095 0.005221 0.002902 0.001944 0.001035 
0.163051 0.091011 0.057292 0.034202 0.020463 0.012740 0.007316 0.004762 0.002590 0.001802 0.000897 
0.147272 0.079937 0.051488 0.030157 0.018349 0.011263 0.006537 0.004236 0.002288 0.001629 0.000766 
0.130178 0.068407 0.045392 0.025844 0.016193 0.009642 0.005777 0.003629 0.002016 0.001410 0.000659 
0.111769 0.056569 0.038999 0.021313 0.014001 0.007885 0.005053 0.002931 0.001792 0.001126 0.000597 
0.092045 0.044594 0.032281 0.016644 0.011755 0.006020 0.004361 0.002144 0.001628 0.000765 0.000598 
0.071006 0.032688 0.025170 0.011955 0.009400 0.004115 0.003667 0.001302 0.001506 0.000339 0.000660 
0.048652 0.021090 0.017553 0.007426 0.006818 0.002297 0.002872 0.000497 0.001351 -0.000085 0.000729 
0.024984 0.010083 0.009250 0.003317 0.003799 0.000797 0.001775 -0.000067 0.000977 -0.000328 0.000637 
-0.000000 0.000000 0.000000 0.000000 0.000000 0.000000 0.000000 0.000000 0.000000 0.000000 0.000000 
