0.000000 0.000000 0.000000 0.000000 0.000000 0.000000 0.000000 0.000000 0.000000 0.000000 0.000000 0.000000 0.000000 0.000000 
0.019992 0.009487 0.008842 0.004314 0.004307 0.001777 0.002214 0.000620 0.001218 0.000109 0.000732 -0.000106 0.000487 -0.000188 
0.039150 0.019581 0.017063 0.009153 0.008089 0.004024 0.003967 0.001667 0.002021 0.000610 0.001085 0.000148 0.000625 -0.000042 
0.057476 0.030085 0.024819 0.014285 0.011553 0.006501 0.005488 0.002897 0.002649 0.001254 0.001305 0.000517 0.000660 0.000194 
0.074969 0.040829 0.032220 0.019545 0.014831 0.009056 0.006910 0.004170 0.003228 0.001918 0.001506 0.000886 0.000697 0.000416 
0.091628 0.051667 0.039340 0.024811 0.018000 0.011594 0.008302 0.005413 0.003816 0.002544 0.001736 0.001213 0.000772 0.000595 
0.107455 0.062474 0.046226 0.029998 0.021101 0.014062 0.009693 0.006595 0.004432 0.003115 0.002004 0.001491 0.000887 0.000731 
0.122449 0.073139 0.052899 0.035044 0.024150 0.016429 0.011090 0.007703 0.005074 0.003632 0.002303 0.001728 0.001030 0.000834 
0.136610 0.083570 0.059370 0.039908 0.027146 0.018682 0.012485 0.008740 0.005731 0.004102 0.002619 0.001934 0.001188 0.000918 
0.149938 0.093686 0.065631 0.044558 0.030078 0.020815 0.013866 0.009710 0.006389 0.004535 0.002940 0.002121 0.001350 0.000993 
0.162432 0.103417 0.071670 0.048975 0.032931 0.022828 0.015218 0.010619 0.007037 0.004939 0.003255 0.002295 0.001508 0.001064 
0.174094 0.112702 0.077466 0.053143 0.035685 0.024719 0.016525 0.011473 0.007662 0.005320 0.003557 0.002462 0.001656 0.001135 
0.184923 0.121492 0.082996 0.057051 0.038321 0.026492 0.017775 0.012275 0.008256 0.005681 0.003841 0.002623 0.001792 0.001207 
0.194919 0.129740 0.088233 0.060689 0.040821 0.028144 0.018956 0.013028 0.008813 0.006023 0.004104 0.002780 0.001915 0.001279 
0.204082 0.137411 0.093150 0.064052 0.043167 0.029676 0.020058 0.013730 0.009329 0.006346 0.004344 0.002930 0.002025 0.001350 
0.212411 0.144470 0.097719 0.067132 0.045343 0.031086 0.021074 0.014381 0.009801 0.006649 0.004561 0.003072 0.002124 0.001418 
0.219908 0.150891 0.101914 0.069923 0.047336 0.032370 0.021998 0.014979 0.010227 0.006930 0.004755 0.003205 0.002211 0.001483 
0.226572 0.156651 0.105710 0.072421 0.049134 0.033525 0.022827 0.015521 0.010606 0.007185 0.004927 0.003327 0.002288 0.001541 
0.232403 0.161729 0.109084 0.074620 0.050726 0.034548 0.023557 0.016003 0.010938 0.007414 0.005077 0.003436 0.002356 0.001594 
0.237401 0.166110 0.112016 0.076514 0.052104 0.035434 0.024186 0.016423 0.011222 0.007614 0.005206 0.003531 0.002413 0.001639 
0.241566 0.169780 0.114487 0.078101 0.053263 0.036179 0.024712 0.016778 0.011459 0.007784 0.005312 0.003612 0.002462 0.001677 
0.244898 0.172728 0.116482 0.079375 0.054195 0.036780 0.025134 0.017065 0.011649 0.007921 0.005398 0.003677 0.002501 0.001708 
0.247397 0.174946 0.117990 0.080334 0.054898 0.037234 0.025450 0.017283 0.011791 0.008025 0.005462 0.003726 0.002530 0.001730 
0.249063 0.176428 0.119000 0.080975 0.055369 0.037538 0.025662 0.017429 0.011886 0.008094 0.005505 0.003759 0.002549 0.001746 
0.249896 0.177170 0.119507 0.081295 0.055604 0.037690 0.025768 0.017502 0.011934 0.008129 0.005526 0.003776 0.002559 0.001753 
0.249896 0.177170 0.119507 0.081295 0.055604 0.037690 0.025768 0.017502 0.011934 0.008129 0.005526 0.003776 0.002559 0.001753 
0.249063 0.176428 0.119000 0.080975 0.055369 0.037538 0.025662 0.017429 0.011886 0.008094 0.005505 0.003759 0.002549 0.001746 
0.247397 0.174946 0.117990 0.080334 0.054898 0.037234 0.025450 0.017283 0.011791 0.008025 0.005462 0.003726 0.002530 0.001730 
0.244898 0.172728 0.116482 0.079375 0.054195 0.036780 0.025134 0.017065 0.011649 0.007921 0.005398 0.003677 0.002501 0.001708 
0.241566 0.169780 0.114487 0.078101 0.053263 0.036179 0.024712 0.016778 0.011459 0.007784 0.005312 0.003612 0.002462 0.001677 
0.237401 0.166110 0.112016 0.076514 0.052104 0.035434 0.024186 0.016423 0.011222 0.007614 0.005206 0.003531 0.002413 0.001639 
0.232403 0.161729 0.109084 0.074620 0.050726 0.034548 0.023557 0.016003 0.010938 0.007414 0.005077 0.003436 0.002356 0.001594 
0.226572 0.156651 0.105710 0.072421 0.049134 0.033525 0.022827 0.015521 0.010606 0.007185 0.004927 0.003327 0.002288 0.001541 
0.219908 0.150891 0.101914 0.069923 0.047336 0.032370 0.021998 0.014979 0.010227 0.006930 0.004755 0.003205 0.002211 0.001483 
0.212411 0.144470 0.097719 0.067132 0.045343 0.031086 0.021074 0.014381 0.009801 0.006649 0.004561 0.003072 0.002124 0.001418 
0.204082 0.137411 0.093150 0.064052 0.043167 0.029676 0.020058 0.013730 0.009329 0.006346 0.004344 0.002930 0.002025 0.001350 
0.194919 0.129740 0.088233 0.060689 0.040821 0.028144 0.018956 0.013028 0.008813 0.006023 0.004104 0.002780 0.001915 0.001279 
0.184923 0.121492 0.082996 0.057051 0.038321 0.026492 0.017775 0.012275 0.008256 0.005681 0.003841 0.002623 0.001792 0.001207 
0.174094 0.112702 0.077466 0.053143 0.035685 0.024719 0.016525 0.011473 0.007662 0.005320 0.003557 0.002462 0.001656 0.001135 
0.162432 0.103417 0.071670 0.048975 0.032931 0.022828 0.015218 0.010619 0.007037 0.004939 0.003255 0.002295 0.001508 0.001064 
0.149938 0.093686 0.065631 0.044558 0.030078 0.020815 0.013866 0.009710 0.006389 0.004535 0.002940 0.002121 0.001350 0.000993 
0.136610 0.083570 0.059370 0.039908 0.027146 0.018682 0.012485 0.008740 0.005731 0.004102 0.002619 0.001934 0.001188 0.000918 
0.122449 0.073139 0.052899 0.035044 0.024150 0.016429 0.011090 0.007703 0.005074 0.003632 0.002303 0.001728 0.001030 0.000834 
0.107455 0.062474 0.046226 0.029998 0.021101 0.014062 0.009693 0.006595 0.004432 0.003115 0.002004 0.001491 0.000887 0.000731 
0.091628 0.051667 0.039340 0.024811 0.018000 0.011594 0.008302 0.005413 0.003816 0.002544 0.001736 0.001213 0.000772 0.000595 
0.074969 0.040829 0.032220 0.019545 0.014831 0.009056 0.006910 0.004170 0.003228 0.001918 0.001506 0.000886 0.000697 0.000416 
0.057476 0.030085 0.024819 0.014285 0.011553 0.006501 0.005488 0.002897 0.002649 0.001254 0.001305 0.000517 0.000660 0.000194 
0.039150 0.019581 0.017063 0.009153 0.008089 0.004024 0.003967 0.001667 0.002021 0.000610 0.001085 0.000148 0.000625 -0.000042 
0.019992 0.009487 0.008842 0.004314 0.004307 0.001777 0.002214 0.000620 0.001218 0.000109 0.000732 -0.000106 0.000487 -0.000188 
-0.000000 0.000000 0.000000 0.000000 0.000000 0.000000 0.000000 0.000000 0.000000 0.000000 0.000000 0.000000 0.000000 0.000000 
