0.000000 0.000000 0.000000 0.000000 0.000000 0.000000 0.000000 0.000000 0.000000 0.000000 0.000000 0.000000 0.000000 0.000000 0.000000 0.000000 0.000000 
0.016662 0.008746 0.008260 0.004706 0.004543 0.002400 0.002568 0.001164 0.001498 0.000512 0.000912 0.000173 0.000586 0.000001 0.000402 -0.000082 0.000295 
0.032749 0.017921 0.016081 0.009786 0.008709 0.005138 0.004800 0.002639 0.002691 0.001311 0.001544 0.000613 0.000913 0.000252 0.000562 0.000069 0.000363 
0.048262 0.027399 0.023565 0.015088 0.012633 0.008053 0.006850 0.004257 0.003742 0.002228 0.002062 0.001149 0.001149 0.000581 0.000648 0.000285 0.000372 
0.063200 0.037068 0.030787 0.020496 0.016406 0.011035 0.008809 0.005918 0.004741 0.003168 0.002554 0.001696 0.001374 0.000910 0.000736 0.000493 0.000390 
0.077564 0.046832 0.037799 0.025925 0.020081 0.014016 0.010730 0.007564 0.005733 0.004087 0.003056 0.002216 0.001620 0.001211 0.000850 0.000670 0.000437 
0.091353 0.056606 0.044635 0.031313 0.023692 0.016950 0.012636 0.009166 0.006735 0.004965 0.003580 0.002700 0.001892 0.001477 0.000991 0.000817 0.000510 
0.104568 0.066316 0.051314 0.036611 0.027251 0.019811 0.014536 0.010711 0.007750 0.005798 0.004123 0.003147 0.002185 0.001715 0.001151 0.000941 0.000601 
0.117208 0.075897 0.057847 0.041787 0.030761 0.022585 0.016427 0.012195 0.008771 0.006589 0.004678 0.003564 0.002491 0.001932 0.001323 0.001050 0.000700 
0.129273 0.085294 0.064232 0.046814 0.034216 0.025263 0.018300 0.013618 0.009790 0.007342 0.005236 0.003959 0.002799 0.002135 0.001496 0.001152 0.000800 
0.140764 0.094457 0.070463 0.051675 0.037607 0.027841 0.020145 0.014984 0.010796 0.008062 0.005788 0.004336 0.003104 0.002330 0.001667 0.001251 0.000896 
0.151681 0.103343 0.076530 0.056355 0.040920 0.030317 0.021951 0.016293 0.011781 0.008753 0.006327 0.004699 0.003400 0.002520 0.001830 0.001349 0.000987 
0.162022 0.111915 0.082419 0.060842 0.044142 0.032689 0.023707 0.017550 0.012737 0.009418 0.006847 0.005050 0.003684 0.002705 0.001985 0.001447 0.001071 
0.171790 0.120141 0.088111 0.065129 0.047258 0.034957 0.025401 0.018753 0.013657 0.010057 0.007346 0.005391 0.003954 0.002887 0.002130 0.001544 0.001149 
0.180982 0.127991 0.093590 0.069207 0.050254 0.037119 0.027027 0.019904 0.014536 0.010672 0.007820 0.005720 0.004208 0.003064 0.002266 0.001641 0.001221 
0.189601 0.135442 0.098836 0.073069 0.053117 0.039172 0.028576 0.021000 0.015371 0.011259 0.008268 0.006036 0.004448 0.003236 0.002393 0.001734 0.001288 
0.197644 0.142472 0.103831 0.076709 0.055835 0.041114 0.030041 0.022041 0.016158 0.011819 0.008689 0.006339 0.004672 0.003400 0.002512 0.001824 0.001350 
0.205113 0.149063 0.108554 0.080121 0.058397 0.042941 0.031417 0.023023 0.016895 0.012349 0.009082 0.006626 0.004881 0.003556 0.002622 0.001909 0.001408 
0.212008 0.155197 0.112989 0.083300 0.060794 0.044649 0.032701 0.023945 0.017580 0.012847 0.009448 0.006896 0.005075 0.003702 0.002725 0.001989 0.001463 
0.218328 0.160862 0.117118 0.086239 0.063017 0.046234 0.033888 0.024802 0.018213 0.013311 0.009785 0.007147 0.005255 0.003839 0.002821 0.002063 0.001513 
0.224074 0.166044 0.120925 0.088932 0.065059 0.047692 0.034974 0.025591 0.018792 0.013738 0.010093 0.007378 0.005419 0.003964 0.002908 0.002130 0.001560 
0.229244 0.170735 0.124394 0.091374 0.066912 0.049018 0.035959 0.026311 0.019316 0.014128 0.010373 0.007588 0.005568 0.004077 0.002988 0.002191 0.001603 
0.233841 0.174924 0.127513 0.093560 0.068573 0.050209 0.036839 0.026958 0.019784 0.014478 0.010623 0.007777 0.005702 0.004178 0.003061 0.002245 0.001642 
0.237863 0.178604 0.130269 0.095484 0.070035 0.051261 0.037612 0.027529 0.020196 0.014786 0.010843 0.007943 0.005821 0.004267 0.003124 0.002293 0.001677 
0.241310 0.181770 0.132651 0.097143 0.071295 0.052170 0.038278 0.028023 0.020550 0.015053 0.011033 0.008086 0.005923 0.004344 0.003180 0.002333 0.001707 
0.244183 0.184415 0.134650 0.098532 0.072350 0.052932 0.038835 0.028438 0.020847 0.015277 0.011192 0.008206 0.006009 0.004408 0.003226 0.002367 0.001732 
0.246481 0.186536 0.136259 0.099647 0.073197 0.053545 0.039281 0.028771 0.021085 0.015456 0.011320 0.008302 0.006078 0.004459 0.003264 0.002394 0.001753 
0.248205 0.188130 0.137471 0.100487 0.073834 0.054007 0.039617 0.029023 0.021264 0.015592 0.011416 0.008374 0.006130 0.004497 0.003292 0.002415 0.001768 
0.249354 0.189194 0.138281 0.101047 0.074259 0.054316 0.039841 0.029191 0.021383 0.015682 0.011480 0.008423 0.006165 0.004523 0.003311 0.002428 0.001779 
0.249928 0.189726 0.138687 0.101328 0.074472 0.054471 0.039953 0.029275 0.021443 0.015727 0.011512 0.008447 0.006183 0.004535 0.003321 0.002435 0.001784 
0.249928 0.189726 0.138687 0.101328 0.074472 0.054471 0.039953 0.029275 0.021443 0.015727 0.011512 0.008447 0.006183 0.004535 0.003321 0.002435 0.001784 
0.249354 0.189194 0.138281 0.101047 0.074259 0.054316 0.039841 0.029191 0.021383 0.015682 0.011480 0.008423 0.006165 0.004523 0.003311 0.002428 0.001779 
0.248205 0.188130 0.137471 0.100487 0.073834 0.054007 0.039617 0.029023 0.021264 0.015592 0.011416 0.008374 0.006130 0.004497 0.003292 0.002415 0.001768 
0.246481 0.186536 0.136259 0.099647 0.073197 0.053545 0.039281 0.028771 0.021085 0.015456 0.011320 0.008302 0.006078 0.004459 0.003264 0.002394 0.001753 
0.244183 0.184415 0.134650 0.098532 0.072350 0.052932 0.038835 0.028438 0.020847 0.015277 0.011192 0.008206 0.006009 0.004408 0.003226 0.002367 0.001732 
0.241310 0.181770 0.132651 0.097143 0.071295 0.052170 0.038278 0.028023 0.020550 0.015053 0.011033 0.008086 0.005923 0.004344 0.003180 0.002333 0.001707 
0.237863 0.178604 0.130269 0.095484 0.070035 0.051261 0.037612 0.027529 0.020196 0.014786 0.010843 0.007943 0.005821 0.004267 0.003124 0.002293 0.001677 
0.233841 0.174924 0.127513 0.093560 0.068573 0.050209 0.036839 0.026958 0.019784 0.014478 0.010623 0.007777 0.005702 0.004178 0.003061 0.002245 0.001642 
0.229244 0.170735 0.124394 0.091374 0.066912 0.049018 0.035959 0.026311 0.019316 0.014128 0.010373 0.007588 0.005568 0.004077 0.002988 0.002191 0.001603 
0.224074 0.166044 0.120925 0.088932 0.065059 0.047692 0.034974 0.025591 0.018792 0.013738 0.010093 0.007378 0.005419 0.003964 0.002908 0.002130 0.001560 
0.218328 0.160862 0.117118 0.086239 0.063017 0.046234 0.033888 0.024802 0.018213 0.013311 0.009785 0.007147 0.005255 0.003839 0.002821 0.002063 0.001513 
0.212008 0.155197 0.112989 0.083300 0.060794 0.044649 0.032701 0.023945 0.017580 0.012847 0.009448 0.006896 0.005075 0.003702 0.002725 0.001989 0.001463 
0.205113 0.149063 0.108554 0.080121 0.058397 0.042941 0.031417 0.023023 0.016895 0.012349 0.009082 0.006626 0.004881 0.003556 0.002622 0.001909 0.001408 
0.197644 0.142472 0.103831 0.076709 0.055835 0.041114 0.030041 0.022041 0.016158 0.011819 0.008689 0.006339 0.004672 0.003400 0.002512 0.001824 0.001350 
0.189601 0.135442 0.098836 0.073069 0.053117 0.039172 0.028576 0.021000 0.015371 0.011259 0.008268 0.006036 0.004448 0.003236 0.002393 0.001734 0.001288 
0.180982 0.127991 0.093590 0.069207 0.050254 0.037119 0.027027 0.019904 0.014536 0.010672 0.007820 0.005720 0.004208 0.003064 0.002266 0.001641 0.001221 
0.171790 0.120141 0.088111 0.065129 0.047258 0.034957 0.025401 0.018753 0.013657 0.010057 0.007346 0.005391 0.003954 0.002887 0.002130 0.001544 0.001149 
0.162022 0.111915 0.082419 0.060842 0.044142 0.032689 0.023707 0.017550 0.012737 0.009418 0.006847 0.005050 0.003684 0.002705 0.001985 0.001447 0.001071 
0.151681 0.103343 0.076530 0.056355 0.040920 0.030317 0.021951 0.016293 0.011781 0.008753 0.006327 0.004699 0.003400 0.002520 0.001830 0.001349 0.000987 
0.140764 0.094457 0.070463 0.051675 0.037607 0.027841 0.020145 0.014984 0.010796 0.008062 0.005788 0.004336 0.003104 0.002330 0.001667 0.001251 0.000896 
0.129273 0.085294 0.064232 0.046814 0.034216 0.025263 0.018300 0.013618 0.009790 0.007342 0.005236 0.003959 0.002799 0.002135 0.001496 0.001152 0.000800 
0.117208 0.075897 0.057847 0.041787 0.030761 0.022585 0.016427 0.012195 0.008771 0.006589 0.004678 0.003564 0.002491 0.001932 0.001323 0.001050 0.000700 
0.104568 0.066316 0.051314 0.036611 0.027251 0.019811 0.014536 0.010711 0.007750 0.005798 0.004123 0.003147 0.002185 0.001715 0.001151 0.000941 0.000601 
0.091353 0.056606 0.044635 0.031313 0.023692 0.016950 0.012636 0.009166 0.006735 0.004965 0.003580 0.002700 0.001892 0.001477 0.000991 0.000817 0.000510 
0.077564 0.046832 0.037799 0.025925 0.020081 0.014016 0.010730 0.007564 0.005733 0.004087 0.003056 0.002216 0.001620 0.001211 0.000850 0.000670 0.000437 
0.063200 0.037068 0.030787 0.020496 0.016406 0.011035 0.008809 0.005918 0.004741 0.003168 0.002554 0.001696 0.001374 0.000910 0.000736 0.000493 0.000390 
0.048262 0.027399 0.023565 0.015088 0.012633 0.008053 0.006850 0.004257 0.003742 0.002228 0.002062 0.001149 0.001149 0.000581 0.000648 0.000285 0.000372 
0.032749 0.017921 0.016081 0.009786 0.008709 0.005138 0.004800 0.002639 0.002691 0.001311 0.001544 0.000613 0.000913 0.000252 0.000562 0.000069 0.000363 
0.016662 0.008746 0.008260 0.004706 0.004543 0.002400 0.002568 0.001164 0.001498 0.000512 0.000912 0.000173 0.000586 0.000001 0.000402 -0.000082 0.000295 
0.000000 0.000000 0.000000 0.000000 0.000000 0.000000 0.000000 0.000000 0.000000 0.000000 0.000000 0.000000 0.000000 0.000000 0.000000 0.000000 0.000000 
