0.000000 0.000000 0.000000 0.000000 0.000000 0.000000 0.000000 0.000000 0.000000 0.000000 0.000000 0.000000 0.000000 0.000000 0.000000 0.000000 0.000000 0.000000 0.000000 0.000000 
0.014283 0.008040 0.007669 0.004802 0.004602 0.002775 0.002808 0.001567 0.001744 0.000854 0.001107 0.000437 0.000723 0.000195 0.000490 0.000058 0.000346 -0.000019 0.000256 -0.000060 
0.028145 0.016401 0.015011 0.009885 0.008919 0.005807 0.005360 0.003370 0.003253 0.001928 0.001997 0.001080 0.001244 0.000585 0.000790 0.000298 0.000514 0.000135 0.000344 0.000043 
0.041588 0.024995 0.022097 0.015142 0.013047 0.008979 0.007764 0.005290 0.004645 0.003099 0.002792 0.001804 0.001687 0.001042 0.001025 0.000596 0.000628 0.000336 0.000387 0.000186 
0.054610 0.033745 0.028981 0.020491 0.017049 0.012212 0.010089 0.007249 0.005986 0.004295 0.003555 0.002543 0.002112 0.001506 0.001253 0.000894 0.000742 0.000533 0.000436 0.000320 
0.067213 0.042582 0.035702 0.025868 0.020968 0.015450 0.012374 0.009203 0.007312 0.005480 0.004319 0.003266 0.002547 0.001951 0.001497 0.001171 0.000875 0.000707 0.000506 0.000432 
0.079395 0.051446 0.042286 0.031225 0.024829 0.018658 0.014640 0.011126 0.008639 0.006634 0.005095 0.003960 0.002999 0.002370 0.001760 0.001423 0.001027 0.000859 0.000595 0.000523 
0.091157 0.060284 0.048749 0.036526 0.028644 0.021814 0.016894 0.013005 0.009971 0.007751 0.005883 0.004624 0.003467 0.002762 0.002038 0.001654 0.001195 0.000994 0.000697 0.000600 
0.102499 0.069050 0.055100 0.041743 0.032417 0.024904 0.019136 0.014833 0.011305 0.008831 0.006679 0.005260 0.003943 0.003135 0.002326 0.001870 0.001370 0.001117 0.000806 0.000668 
0.113422 0.077702 0.061343 0.046856 0.036145 0.027917 0.021361 0.016609 0.012635 0.009876 0.007475 0.005872 0.004422 0.003492 0.002616 0.002077 0.001547 0.001235 0.000915 0.000734 
0.123924 0.086204 0.067474 0.051849 0.039822 0.030851 0.023562 0.018333 0.013953 0.010889 0.008266 0.006465 0.004898 0.003837 0.002904 0.002277 0.001722 0.001350 0.001022 0.000799 
0.134005 0.094525 0.073488 0.056710 0.043440 0.033701 0.025731 0.020007 0.015252 0.011871 0.009045 0.007041 0.005366 0.004174 0.003185 0.002473 0.001892 0.001464 0.001125 0.000865 
0.143667 0.102635 0.079377 0.061429 0.046987 0.036465 0.027858 0.021630 0.016525 0.012826 0.009806 0.007602 0.005821 0.004504 0.003458 0.002667 0.002055 0.001578 0.001223 0.000932 
0.152909 0.110510 0.085129 0.065997 0.050455 0.039141 0.029936 0.023204 0.017766 0.013753 0.010547 0.008149 0.006263 0.004827 0.003720 0.002858 0.002211 0.001691 0.001315 0.001000 
0.161731 0.118129 0.090733 0.070409 0.053831 0.041728 0.031956 0.024728 0.018971 0.014653 0.011264 0.008681 0.006689 0.005142 0.003973 0.003045 0.002360 0.001803 0.001403 0.001067 
0.170132 0.125472 0.096175 0.074657 0.057106 0.044223 0.033911 0.026201 0.020135 0.015525 0.011954 0.009198 0.007098 0.005450 0.004215 0.003229 0.002503 0.001913 0.001486 0.001133 
0.178114 0.132522 0.101442 0.078737 0.060269 0.046624 0.035797 0.027621 0.021254 0.016367 0.012617 0.009699 0.007490 0.005748 0.004446 0.003407 0.002639 0.002019 0.001566 0.001197 
0.185675 0.139265 0.106521 0.082643 0.063312 0.048928 0.037606 0.028987 0.022326 0.017179 0.013252 0.010183 0.007864 0.006036 0.004667 0.003579 0.002769 0.002122 0.001642 0.001259 
0.192817 0.145687 0.111398 0.086370 0.066225 0.051132 0.039335 0.030295 0.023350 0.017957 0.013856 0.010646 0.008221 0.006313 0.004877 0.003744 0.002892 0.002221 0.001715 0.001318 
0.199538 0.151777 0.116060 0.089912 0.069001 0.053232 0.040980 0.031544 0.024322 0.018701 0.014431 0.011089 0.008560 0.006577 0.005077 0.003902 0.003010 0.002315 0.001785 0.001374 
0.205839 0.157524 0.120494 0.093265 0.071633 0.055225 0.042536 0.032730 0.025241 0.019407 0.014974 0.011510 0.008881 0.006828 0.005266 0.004051 0.003122 0.002404 0.001851 0.001427 
0.211720 0.162920 0.124689 0.096423 0.074115 0.057106 0.044001 0.033851 0.026107 0.020075 0.015485 0.011908 0.009183 0.007064 0.005445 0.004192 0.003228 0.002487 0.001914 0.001476 
0.217181 0.167958 0.128632 0.099381 0.076440 0.058872 0.045373 0.034903 0.026917 0.020701 0.015963 0.012281 0.009466 0.007286 0.005613 0.004323 0.003328 0.002565 0.001973 0.001522 
0.222222 0.172630 0.132313 0.102134 0.078604 0.060518 0.046648 0.035885 0.027670 0.021286 0.016409 0.012628 0.009730 0.007492 0.005769 0.004445 0.003421 0.002637 0.002028 0.001565 
0.226843 0.176930 0.135722 0.104678 0.080602 0.062042 0.047824 0.036794 0.028365 0.021826 0.016820 0.012949 0.009974 0.007682 0.005914 0.004558 0.003507 0.002704 0.002080 0.001604 
0.231044 0.180853 0.138849 0.107007 0.082430 0.063440 0.048900 0.037627 0.029001 0.022321 0.017197 0.013242 0.010198 0.007856 0.006047 0.004661 0.003586 0.002765 0.002127 0.001640 
0.234825 0.184396 0.141688 0.109117 0.084084 0.064708 0.049873 0.038383 0.029577 0.022770 0.017539 0.013508 0.010401 0.008013 0.006168 0.004753 0.003658 0.002820 0.002170 0.001672 
0.238185 0.187554 0.144229 0.111004 0.085562 0.065843 0.050742 0.039059 0.030091 0.023171 0.017845 0.013745 0.010583 0.008154 0.006276 0.004836 0.003722 0.002869 0.002208 0.001701 
0.241126 0.190323 0.146468 0.112664 0.086861 0.066843 0.051506 0.039654 0.030544 0.023523 0.018114 0.013954 0.010743 0.008277 0.006372 0.004909 0.003779 0.002912 0.002242 0.001727 
0.243646 0.192702 0.148397 0.114094 0.087979 0.067704 0.052164 0.040167 0.030934 0.023827 0.018346 0.014133 0.010881 0.008383 0.006454 0.004972 0.003828 0.002949 0.002271 0.001749 
0.245747 0.194687 0.150012 0.115291 0.088913 0.068425 0.052713 0.040596 0.031260 0.024081 0.018540 0.014283 0.010997 0.008471 0.006523 0.005024 0.003869 0.002980 0.002295 0.001767 
0.247427 0.196278 0.151309 0.116251 0.089662 0.069005 0.053154 0.040941 0.031521 0.024285 0.018696 0.014403 0.011089 0.008542 0.006578 0.005066 0.003902 0.003005 0.002314 0.001782 
0.248687 0.197472 0.152284 0.116973 0.090225 0.069440 0.053485 0.041200 0.031718 0.024438 0.018813 0.014494 0.011159 0.008596 0.006620 0.005098 0.003927 0.003023 0.002329 0.001793 
0.249527 0.198268 0.152936 0.117455 0.090601 0.069731 0.053706 0.041373 0.031849 0.024540 0.018891 0.014554 0.011206 0.008631 0.006647 0.005119 0.003943 0.003036 0.002339 0.001800 
0.249947 0.198667 0.153262 0.117697 0.090789 0.069877 0.053816 0.041459 0.031915 0.024591 0.018930 0.014584 0.011229 0.008649 0.006661 0.005129 0.003951 0.003042 0.002344 0.001804 
0.249947 0.198667 0.153262 0.117697 0.090789 0.069877 0.053816 0.041459 0.031915 0.024591 0.018930 0.014584 0.011229 0.008649 0.006661 0.005129 0.003951 0.003042 0.002344 0.001804 
0.249527 0.198268 0.152936 0.117455 0.090601 0.069731 0.053706 0.041373 0.031849 0.024540 0.018891 0.014554 0.011206 0.008631 0.006647 0.005119 0.003943 0.003036 0.002339 0.001800 
0.248687 0.197472 0.152284 0.116973 0.090225 0.069440 0.053485 0.041200 0.031718 0.024438 0.018813 0.014494 0.011159 0.008596 0.006620 0.005098 0.003927 0.003023 0.002329 0.001793 
0.247427 0.196278 0.151309 0.116251 0.089662 0.069005 0.053154 0.040941 0.031521 0.024285 0.018696 0.014403 0.011089 0.008542 0.006578 0.005066 0.003902 0.003005 0.002314 0.001782 
0.245747 0.194687 0.150012 0.115291 0.088913 0.068425 0.052713 0.040596 0.031260 0.024081 0.018540 0.014283 0.010997 0.008471 0.006523 0.005024 0.003869 0.002980 0.002295 0.001767 
0.243646 0.192702 0.148397 0.114094 0.087979 0.067704 0.052164 0.040167 0.030934 0.023827 0.018346 0.014133 0.010881 0.008383 0.006454 0.004972 0.003828 0.002949 0.002271 0.001749 
0.241126 0.190323 0.146468 0.112664 0.086861 0.066843 0.051506 0.039654 0.030544 0.023523 0.018114 0.013954 0.010743 0.008277 0.006372 0.004909 0.003779 0.002912 0.002242 0.001727 
0.238185 0.187554 0.144229 0.111004 0.085562 0.065843 0.050742 0.039059 0.030091 0.023171 0.017845 0.013745 0.010583 0.008154 0.006276 0.004836 0.003722 0.002869 0.002208 0.001701 
0.234825 0.184396 0.141688 0.109117 0.084084 0.064708 0.049873 0.038383 0.029577 0.022770 0.017539 0.013508 0.010401 0.008013 0.006168 0.004753 0.003658 0.002820 0.002170 0.001672 
0.231044 0.180853 0.138849 0.107007 0.082430 0.063440 0.048900 0.037627 0.029001 0.022321 0.017197 0.013242 0.010198 0.007856 0.006047 0.004661 0.003586 0.002765 0.002127 0.001640 
0.226843 0.176930 0.135722 0.104678 0.080602 0.062042 0.047824 0.036794 0.028365 0.021826 0.016820 0.012949 0.009974 0.007682 0.005914 0.004558 0.003507 0.002704 0.002080 0.001604 
0.222222 0.172630 0.132313 0.102134 0.078604 0.060518 0.046648 0.035885 0.027670 0.021286 0.016409 0.012628 0.009730 0.007492 0.005769 0.004445 0.003421 0.002637 0.002028 0.001565 
0.217181 0.167958 0.128632 0.099381 0.076440 0.058872 0.045373 0.034903 0.026917 0.020701 0.015963 0.012281 0.009466 0.007286 0.005613 0.004323 0.003328 0.002565 0.001973 0.001522 
0.211720 0.162920 0.124689 0.096423 0.074115 0.057106 0.044001 0.033851 0.026107 0.020075 0.015485 0.011908 0.009183 0.007064 0.005445 0.004192 0.003228 0.002487 0.001914 0.001476 
0.205839 0.157524 0.120494 0.093265 0.071633 0.055225 0.042536 0.032730 0.025241 0.019407 0.014974 0.011510 0.008881 0.006828 0.005266 0.004051 0.003122 0.002404 0.001851 0.001427 
0.199538 0.151777 0.116060 0.089912 0.069001 0.053232 0.040980 0.031544 0.024322 0.018701 0.014431 0.011089 0.008560 0.006577 0.005077 0.003902 0.003010 0.002315 0.001785 0.001374 
0.192817 0.145687 0.111398 0.086370 0.066225 0.051132 0.039335 0.030295 0.023350 0.017957 0.013856 0.010646 0.008221 0.006313 0.004877 0.003744 0.002892 0.002221 0.001715 0.001318 
0.185675 0.139265 0.106521 0.082643 0.063312 0.048928 0.037606 0.028987 0.022326 0.017179 0.013252 0.010183 0.007864 0.006036 0.004667 0.003579 0.002769 0.002122 0.001642 0.001259 
0.178114 0.132522 0.101442 0.078737 0.060269 0.046624 0.035797 0.027621 0.021254 0.016367 0.012617 0.009699 0.007490 0.005748 0.004446 0.003407 0.002639 0.002019 0.001566 0.001197 
0.170132 0.125472 0.096175 0.074657 0.057106 0.044223 0.033911 0.026201 0.020135 0.015525 0.011954 0.009198 0.007098 0.005450 0.004215 0.003229 0.002503 0.001913 0.001486 0.001133 
0.161731 0.118129 0.090733 0.070409 0.053831 0.041728 0.031956 0.024728 0.018971 0.014653 0.011264 0.008681 0.006689 0.005142 0.003973 0.003045 0.002360 0.001803 0.001403 0.001067 
0.152909 0.110510 0.085129 0.065997 0.050455 0.039141 0.029936 0.023204 0.017766 0.013753 0.010547 0.008149 0.006263 0.004827 0.003720 0.002858 0.002211 0.001691 0.001315 0.001000 
0.143667 0.102635 0.079377 0.061429 0.046987 0.036465 0.027858 0.021630 0.016525 0.012826 0.009806 0.007602 0.005821 0.004504 0.003458 0.002667 0.002055 0.001578 0.001223 0.000932 
0.134005 0.094525 0.073488 0.056710 0.043440 0.033701 0.025731 0.020007 0.015252 0.011871 0.009045 0.007041 0.005366 0.004174 0.003185 0.002473 0.001892 0.001464 0.001125 0.000865 
0.123924 0.086204 0.067474 0.051849 0.039822 0.030851 0.023562 0.018333 0.013953 0.010889 0.008266 0.006465 0.004898 0.003837 0.002904 0.002277 0.001722 0.001350 0.001022 0.000799 
0.113422 0.077702 0.061343 0.046856 0.036145 0.027917 0.021361 0.016609 0.012635 0.009876 0.007475 0.005872 0.004422 0.003492 0.002616 0.002077 0.001547 0.001235 0.000915 0.000734 
0.102499 0.069050 0.055100 0.041743 0.032417 0.024904 0.019136 0.014833 0.011305 0.008831 0.006679 0.005260 0.003943 0.003135 0.002326 0.001870 0.001370 0.001117 0.000806 0.000668 
0.091157 0.060284 0.048749 0.036526 0.028644 0.021814 0.016894 0.013005 0.009971 0.007751 0.005883 0.004624 0.003467 0.002762 0.002038 0.001654 0.001195 0.000994 0.000697 0.000600 
0.079395 0.051446 0.042286 0.031225 0.024829 0.018658 0.014640 0.011126 0.008639 0.006634 0.005095 0.003960 0.002999 0.002370 0.001760 0.001423 0.001027 0.000859 0.000595 0.000523 
0.067213 0.042582 0.035702 0.025868 0.020968 0.015450 0.012374 0.009203 0.007312 0.005480 0.004319 0.003266 0.002547 0.001951 0.001497 0.001171 0.000875 0.000707 0.000506 0.000432 
0.054610 0.033745 0.028981 0.020491 0.017049 0.012212 0.010089 0.007249 0.005986 0.004295 0.003555 0.002543 0.002112 0.001506 0.001253 0.000894 0.000742 0.000533 0.000436 0.000320 
0.041588 0.024995 0.022097 0.015142 0.013047 0.008979 0.007764 0.005290 0.004645 0.003099 0.002792 0.001804 0.001687 0.001042 0.001025 0.000596 0.000628 0.000336 0.000387 0.000186 
0.028145 0.016401 0.015011 0.009885 0.008919 0.005807 0.005360 0.003370 0.003253 0.001928 0.001997 0.001080 0.001244 0.000585 0.000790 0.000298 0.000514 0.000135 0.000344 0.000043 
0.014283 0.008040 0.007669 0.004802 0.004602 0.002775 0.002808 0.001567 0.001744 0.000854 0.001107 0.000437 0.000723 0.000195 0.000490 0.000058 0.000346 -0.000019 0.000256 -0.000060 
0.000000 0.000000 0.000000 0.000000 0.000000 0.000000 0.000000 0.000000 0.000000 0.000000 0.000000 0.000000 0.000000 0.000000 0.000000 0.000000 0.000000 0.000000 0.000000 0.000000 
