0.000000 0.000000 0.000000 0.000000 0.000000 0.000000 0.000000 0.000000 0.000000 0.000000 0.000000 0.000000 0.000000 0.000000 0.000000 0.000000 0.000000 0.000000 0.000000 0.000000 0.000000 0.000000 0.000000 
0.012498 0.007411 0.007121 0.004752 0.004557 0.002988 0.002954 0.001852 0.001936 0.001128 0.001285 0.000669 0.000866 0.000381 0.000596 0.000200 0.000421 0.000089 0.000306 0.000020 0.000230 -0.000021 0.000179 
0.024676 0.015071 0.013988 0.009724 0.008891 0.006178 0.005705 0.003891 0.003685 0.002431 0.002396 0.001503 0.001571 0.000917 0.001040 0.000548 0.000697 0.000317 0.000475 0.000173 0.000330 0.000085 0.000234 
0.036533 0.022916 0.020655 0.014837 0.013072 0.009483 0.008334 0.006026 0.005335 0.003815 0.003426 0.002407 0.002206 0.001513 0.001425 0.000947 0.000924 0.000589 0.000602 0.000364 0.000394 0.000222 0.000260 
0.048069 0.030890 0.027160 0.020029 0.017150 0.012842 0.010894 0.008199 0.006938 0.005226 0.004424 0.003328 0.002822 0.002119 0.001800 0.001350 0.001147 0.000861 0.000730 0.000551 0.000463 0.000354 0.000292 
0.059285 0.038943 0.033535 0.025252 0.021155 0.016211 0.013416 0.010372 0.008523 0.006630 0.005417 0.004238 0.003440 0.002712 0.002182 0.001738 0.001381 0.001117 0.000871 0.000721 0.000546 0.000468 0.000340 
0.070181 0.047029 0.039799 0.030468 0.025110 0.019561 0.015917 0.012523 0.010104 0.008011 0.006415 0.005127 0.004070 0.003284 0.002579 0.002107 0.001631 0.001355 0.001028 0.000874 0.000645 0.000566 0.000403 
0.080756 0.055110 0.045967 0.035649 0.029024 0.022874 0.018404 0.014639 0.011686 0.009363 0.007421 0.005989 0.004711 0.003833 0.002988 0.002456 0.001892 0.001576 0.001196 0.001013 0.000755 0.000653 0.000474 
0.091011 0.063149 0.052047 0.040773 0.032902 0.026136 0.020879 0.016715 0.013266 0.010682 0.008432 0.006827 0.005358 0.004364 0.003404 0.002791 0.002161 0.001786 0.001371 0.001144 0.000869 0.000733 0.000550 
0.100945 0.071117 0.058043 0.045822 0.036744 0.029338 0.023339 0.018746 0.014842 0.011970 0.009442 0.007642 0.006007 0.004879 0.003822 0.003115 0.002431 0.001989 0.001547 0.001269 0.000984 0.000810 0.000626 
0.110559 0.078984 0.063954 0.050783 0.040546 0.032476 0.025779 0.020733 0.016408 0.013228 0.010447 0.008437 0.006653 0.005381 0.004238 0.003431 0.002700 0.002187 0.001721 0.001393 0.001098 0.000887 0.000701 
0.119853 0.086727 0.069778 0.055645 0.044302 0.035547 0.028193 0.022676 0.017957 0.014457 0.011442 0.009215 0.007292 0.005872 0.004649 0.003741 0.002964 0.002382 0.001891 0.001516 0.001207 0.000964 0.000772 
0.128826 0.094323 0.075510 0.060401 0.048005 0.038547 0.030573 0.024574 0.019484 0.015659 0.012421 0.009976 0.007920 0.006354 0.005051 0.004046 0.003223 0.002575 0.002057 0.001639 0.001313 0.001042 0.000839 
0.137478 0.101753 0.081142 0.065042 0.051647 0.041474 0.032913 0.026427 0.020984 0.016834 0.013381 0.010722 0.008534 0.006828 0.005444 0.004347 0.003473 0.002767 0.002217 0.001761 0.001415 0.001120 0.000904 
0.145810 0.109000 0.086667 0.069565 0.055220 0.044327 0.035207 0.028235 0.022452 0.017983 0.014320 0.011452 0.009133 0.007292 0.005826 0.004643 0.003717 0.002956 0.002372 0.001882 0.001513 0.001197 0.000966 
0.153822 0.116049 0.092076 0.073962 0.058715 0.047105 0.037448 0.029998 0.023885 0.019104 0.015234 0.012166 0.009716 0.007748 0.006197 0.004934 0.003953 0.003142 0.002521 0.002001 0.001608 0.001274 0.001026 
0.161513 0.122886 0.097358 0.078230 0.062125 0.049804 0.039632 0.031713 0.025278 0.020196 0.016122 0.012863 0.010281 0.008193 0.006556 0.005219 0.004181 0.003324 0.002666 0.002118 0.001699 0.001349 0.001083 
0.168883 0.129498 0.102505 0.082364 0.065442 0.052422 0.041752 0.033379 0.026630 0.021259 0.016982 0.013542 0.010828 0.008627 0.006903 0.005496 0.004401 0.003502 0.002805 0.002232 0.001788 0.001422 0.001139 
0.175933 0.135876 0.107506 0.086360 0.068658 0.054957 0.043806 0.034995 0.027937 0.022291 0.017813 0.014201 0.011356 0.009048 0.007239 0.005766 0.004614 0.003674 0.002940 0.002342 0.001874 0.001493 0.001194 
0.182663 0.142009 0.112352 0.090213 0.071768 0.057406 0.045788 0.036557 0.029198 0.023289 0.018615 0.014839 0.011865 0.009456 0.007562 0.006026 0.004819 0.003841 0.003071 0.002449 0.001957 0.001561 0.001246 
0.189072 0.147890 0.117032 0.093919 0.074764 0.059766 0.047696 0.038064 0.030411 0.024252 0.019385 0.015454 0.012355 0.009849 0.007874 0.006278 0.005017 0.004002 0.003197 0.002551 0.002037 0.001627 0.001297 
0.195161 0.153510 0.121537 0.097475 0.077641 0.062033 0.049526 0.039513 0.031574 0.025178 0.020124 0.016046 0.012825 0.010228 0.008172 0.006519 0.005207 0.004156 0.003318 0.002649 0.002114 0.001689 0.001347 
0.200929 0.158864 0.125859 0.100875 0.080394 0.064205 0.051275 0.040902 0.032685 0.026066 0.020831 0.016613 0.013274 0.010589 0.008458 0.006750 0.005390 0.004303 0.003434 0.002743 0.002188 0.001749 0.001394 
0.206377 0.163945 0.129987 0.104115 0.083017 0.066277 0.052941 0.042227 0.033744 0.026912 0.021504 0.017154 0.013703 0.010934 0.008731 0.006970 0.005563 0.004443 0.003545 0.002832 0.002259 0.001805 0.001439 
0.211505 0.168748 0.133915 0.107192 0.085507 0.068247 0.054522 0.043487 0.034748 0.027717 0.022143 0.017668 0.014109 0.011262 0.008991 0.007179 0.005729 0.004576 0.003651 0.002917 0.002326 0.001859 0.001482 
0.216311 0.173268 0.137634 0.110101 0.087859 0.070112 0.056014 0.044679 0.035697 0.028479 0.022747 0.018153 0.014494 0.011571 0.009236 0.007376 0.005885 0.004701 0.003751 0.002996 0.002390 0.001910 0.001523 
0.220798 0.177503 0.141137 0.112837 0.090070 0.071867 0.057417 0.045802 0.036589 0.029195 0.023315 0.018610 0.014857 0.011862 0.009467 0.007561 0.006033 0.004819 0.003845 0.003071 0.002450 0.001957 0.001562 
0.224964 0.181447 0.144417 0.115397 0.092136 0.073511 0.058728 0.046852 0.037423 0.029865 0.023846 0.019036 0.015196 0.012134 0.009683 0.007734 0.006171 0.004929 0.003933 0.003141 0.002507 0.002002 0.001598 
0.228809 0.185098 0.147469 0.117777 0.094054 0.075040 0.059945 0.047829 0.038198 0.030487 0.024341 0.019433 0.015511 0.012386 0.009885 0.007894 0.006300 0.005031 0.004015 0.003206 0.002559 0.002043 0.001631 
0.232335 0.188454 0.150285 0.119973 0.095822 0.076452 0.061067 0.048730 0.038913 0.031061 0.024797 0.019798 0.015802 0.012618 0.010070 0.008042 0.006418 0.005125 0.004090 0.003266 0.002607 0.002081 0.001662 
0.235539 0.191511 0.152862 0.121982 0.097437 0.077743 0.062092 0.049554 0.039567 0.031586 0.025214 0.020132 0.016068 0.012831 0.010240 0.008177 0.006526 0.005211 0.004160 0.003321 0.002651 0.002116 0.001690 
0.238423 0.194267 0.155194 0.123800 0.098896 0.078912 0.063018 0.050299 0.040158 0.032060 0.025591 0.020433 0.016309 0.013023 0.010394 0.008300 0.006625 0.005289 0.004222 0.003371 0.002691 0.002148 0.001715 
0.240987 0.196722 0.157278 0.125423 0.100199 0.079956 0.063846 0.050965 0.040686 0.032483 0.025928 0.020703 0.016524 0.013194 0.010532 0.008409 0.006712 0.005359 0.004278 0.003415 0.002727 0.002176 0.001738 
0.243230 0.198873 0.159109 0.126851 0.101342 0.080874 0.064572 0.051550 0.041150 0.032855 0.026225 0.020939 0.016714 0.013345 0.010652 0.008505 0.006789 0.005420 0.004327 0.003454 0.002758 0.002201 0.001758 
0.245153 0.200719 0.160684 0.128079 0.102324 0.081664 0.065197 0.052053 0.041549 0.033175 0.026480 0.021142 0.016877 0.013474 0.010756 0.008587 0.006855 0.005472 0.004369 0.003488 0.002785 0.002223 0.001775 
0.246755 0.202259 0.162001 0.129105 0.103145 0.082325 0.065719 0.052473 0.041882 0.033442 0.026693 0.021312 0.017013 0.013582 0.010843 0.008656 0.006911 0.005516 0.004404 0.003516 0.002807 0.002241 0.001789 
0.248037 0.203492 0.163057 0.129929 0.103803 0.082854 0.066137 0.052810 0.042150 0.033656 0.026864 0.021448 0.017122 0.013669 0.010913 0.008711 0.006955 0.005552 0.004433 0.003538 0.002825 0.002255 0.001800 
0.248999 0.204417 0.163851 0.130548 0.104298 0.083253 0.066452 0.053064 0.042351 0.033817 0.026993 0.021551 0.017204 0.013734 0.010965 0.008753 0.006988 0.005578 0.004454 0.003555 0.002838 0.002266 0.001809 
0.249639 0.205034 0.164380 0.130961 0.104628 0.083518 0.066662 0.053233 0.042485 0.033924 0.027079 0.021619 0.017259 0.013777 0.011000 0.008780 0.007010 0.005596 0.004468 0.003566 0.002847 0.002273 0.001815 
0.249960 0.205343 0.164646 0.131168 0.104793 0.083651 0.066767 0.053317 0.042552 0.033978 0.027121 0.021653 0.017286 0.013799 0.011017 0.008794 0.007022 0.005605 0.004475 0.003572 0.002852 0.002277 0.001817 
0.249960 0.205343 0.164646 0.131168 0.104793 0.083651 0.066767 0.053317 0.042552 0.033978 0.027121 0.021653 0.017286 0.013799 0.011017 0.008794 0.007022 0.005605 0.004475 0.003572 0.002852 0.002277 0.001817 
0.249639 0.205034 0.164380 0.130961 0.104628 0.083518 0.066662 0.053233 0.042485 0.033924 0.027079 0.021619 0.017259 0.013777 0.011000 0.008780 0.007010 0.005596 0.004468 0.003566 0.002847 0.002273 0.001815 
0.248999 0.204417 0.163851 0.130548 0.104298 0.083253 0.066452 0.053064 0.042351 0.033817 0.026993 0.021551 0.017204 0.013734 0.010965 0.008753 0.006988 0.005578 0.004454 0.003555 0.002838 0.002266 0.001809 
0.248037 0.203492 0.163057 0.129929 0.103803 0.082854 0.066137 0.052810 0.042150 0.033656 0.026864 0.021448 0.017122 0.013669 0.010913 0.008711 0.006955 0.005552 0.004433 0.003538 0.002825 0.002255 0.001800 
0.246755 0.202259 0.162001 0.129105 0.103145 0.082325 0.065719 0.052473 0.041882 0.033442 0.026693 0.021312 0.017013 0.013582 0.010843 0.008656 0.006911 0.005516 0.004404 0.003516 0.002807 0.002241 0.001789 
0.245153 0.200719 0.160684 0.128079 0.102324 0.081664 0.065197 0.052053 0.041549 0.033175 0.026480 0.021142 0.016877 0.013474 0.010756 0.008587 0.006855 0.005472 0.004369 0.003488 0.002785 0.002223 0.001775 
0.243230 0.198873 0.159109 0.126851 0.101342 0.080874 0.064572 0.051550 0.041150 0.032855 0.026225 0.020939 0.016714 0.013345 0.010652 0.008505 0.006789 0.005420 0.004327 0.003454 0.002758 0.002201 0.001758 
0.240987 0.196722 0.157278 0.125423 0.100199 0.079956 0.063846 0.050965 0.040686 0.032483 0.025928 0.020703 0.016524 0.013194 0.010532 0.008409 0.006712 0.005359 0.004278 0.003415 0.002727 0.002176 0.001738 
0.238423 0.194267 0.155194 0.123800 0.098896 0.078912 0.063018 0.050299 0.040158 0.032060 0.025591 0.020433 0.016309 0.013023 0.010394 0.008300 0.006625 0.005289 0.004222 0.003371 0.002691 0.002148 0.001715 
0.235539 0.191511 0.152862 0.121982 0.097437 0.077743 0.062092 0.049554 0.039567 0.031586 0.025214 0.020132 0.016068 0.012831 0.010240 0.008177 0.006526 0.005211 0.004160 0.003321 0.002651 0.002116 0.001690 
0.232335 0.188454 0.150285 0.119973 0.095822 0.076452 0.061067 0.048730 0.038913 0.031061 0.024797 0.019798 0.015802 0.012618 0.010070 0.008042 0.006418 0.005125 0.004090 0.003266 0.002607 0.002081 0.001662 
0.228809 0.185098 0.147469 0.117777 0.094054 0.075040 0.059945 0.047829 0.038198 0.030487 0.024341 0.019433 0.015511 0.012386 0.009885 0.007894 0.006300 0.005031 0.004015 0.003206 0.002559 0.002043 0.001631 
0.224964 0.181447 0.144417 0.115397 0.092136 0.073511 0.058728 0.046852 0.037423 0.029865 0.023846 0.019036 0.015196 0.012134 0.009683 0.007734 0.006171 0.004929 0.003933 0.003141 0.002507 0.002002 0.001598 
0.220798 0.177503 0.141137 0.112837 0.090070 0.071867 0.057417 0.045802 0.036589 0.029195 0.023315 0.018610 0.014857 0.011862 0.009467 0.007561 0.006033 0.004819 0.003845 0.003071 0.002450 0.001957 0.001562 
0.216311 0.173268 0.137634 0.110101 0.087859 0.070112 0.056014 0.044679 0.035697 0.028479 0.022747 0.018153 0.014494 0.011571 0.009236 0.007376 0.005885 0.004701 0.003751 0.002996 0.002390 0.001910 0.001523 
0.211505 0.168748 0.133915 0.107192 0.085507 0.068247 0.054522 0.043487 0.034748 0.027717 0.022143 0.017668 0.014109 0.011262 0.008991 0.007179 0.005729 0.004576 0.003651 0.002917 0.002326 0.001859 0.001482 
0.206377 0.163945 0.129987 0.104115 0.083017 0.066277 0.052941 0.042227 0.033744 0.026912 0.021504 0.017154 0.013703 0.010934 0.008731 0.006970 0.005563 0.004443 0.003545 0.002832 0.002259 0.001805 0.001439 
0.200929 0.158864 0.125859 0.100875 0.080394 0.064205 0.051275 0.040902 0.032685 0.026066 0.020831 0.016613 0.013274 0.010589 0.008458 0.006750 0.005390 0.004303 0.003434 0.002743 0.002188 0.001749 0.001394 
0.195161 0.153510 0.121537 0.097475 0.077641 0.062033 0.049526 0.039513 0.031574 0.025178 0.020124 0.016046 0.012825 0.010228 0.008172 0.006519 0.005207 0.004156 0.003318 0.002649 0.002114 0.001689 0.001347 
0.189072 0.147890 0.117032 0.093919 0.074764 0.059766 0.047696 0.038064 0.030411 0.024252 0.019385 0.015454 0.012355 0.009849 0.007874 0.006278 0.005017 0.004002 0.003197 0.002551 0.002037 0.001627 0.001297 
0.182663 0.142009 0.112352 0.090213 0.071768 0.057406 0.045788 0.036557 0.029198 0.023289 0.018615 0.014839 0.011865 0.009456 0.007562 0.006026 0.004819 0.003841 0.003071 0.002449 0.001957 0.001561 0.001246 
0.175933 0.135876 0.107506 0.086360 0.068658 0.054957 0.043806 0.034995 0.027937 0.022291 0.017813 0.014201 0.011356 0.009048 0.007239 0.005766 0.004614 0.003674 0.002940 0.002342 0.001874 0.001493 0.001194 
0.168883 0.129498 0.102505 0.082364 0.065442 0.052422 0.041752 0.033379 0.026630 0.021259 0.016982 0.013542 0.010828 0.008627 0.006903 0.005496 0.004401 0.003502 0.002805 0.002232 0.001788 0.001422 0.001139 
0.161513 0.122886 0.097358 0.078230 0.062125 0.049804 0.039632 0.031713 0.025278 0.020196 0.016122 0.012863 0.010281 0.008193 0.006556 0.005219 0.004181 0.003324 0.002666 0.002118 0.001699 0.001349 0.001083 
0.153822 0.116049 0.092076 0.073962 0.058715 0.047105 0.037448 0.029998 0.023885 0.019104 0.015234 0.012166 0.009716 0.007748 0.006197 0.004934 0.003953 0.003142 0.002521 0.002001 0.001608 0.001274 0.001026 
0.145810 0.109000 0.086667 0.069565 0.055220 0.044327 0.035207 0.028235 0.022452 0.017983 0.014320 0.011452 0.009133 0.007292 0.005826 0.004643 0.003717 0.002956 0.002372 0.001882 0.001513 0.001197 0.000966 
0.137478 0.101753 0.081142 0.065042 0.051647 0.041474 0.032913 0.026427 0.020984 0.016834 0.013381 0.010722 0.008534 0.006828 0.005444 0.004347 0.003473 0.002767 0.002217 0.001761 0.001415 0.001120 0.000904 
0.128826 0.094323 0.075510 0.060401 0.048005 0.038547 0.030573 0.024574 0.019484 0.015659 0.012421 0.009976 0.007920 0.006354 0.005051 0.004046 0.003223 0.002575 0.002057 0.001639 0.001313 0.001042 0.000839 
0.119853 0.086727 0.069778 0.055645 0.044302 0.035547 0.028193 0.022676 0.017957 0.014457 0.011442 0.009215 0.007292 0.005872 0.004649 0.003741 0.002964 0.002382 0.001891 0.001516 0.001207 0.000964 0.000772 
0.110559 0.078984 0.063954 0.050783 0.040546 0.032476 0.025779 0.020733 0.016408 0.013228 0.010447 0.008437 0.006653 0.005381 0.004238 0.003431 0.002700 0.002187 0.001721 0.001393 0.001098 0.000887 0.000701 
0.100945 0.071117 0.058043 0.045822 0.036744 0.029338 0.023339 0.018746 0.014842 0.011970 0.009442 0.007642 0.006007 0.004879 0.003822 0.003115 0.002431 0.001989 0.001547 0.001269 0.000984 0.000810 0.000626 
0.091011 0.063149 0.052047 0.040773 0.032902 0.026136 0.020879 0.016715 0.013266 0.010682 0.008432 0.006827 0.005358 0.004364 0.003404 0.002791 0.002161 0.001786 0.001371 0.001144 0.000869 0.000733 0.000550 
0.080756 0.055110 0.045967 0.035649 0.029024 0.022874 0.018404 0.014639 0.011686 0.009363 0.007421 0.005989 0.004711 0.003833 0.002988 0.002456 0.001892 0.001576 0.001196 0.001013 0.000755 0.000653 0.000474 
0.070181 0.047029 0.039799 0.030468 0.025110 0.019561 0.015917 0.012523 0.010104 0.008011 0.006415 0.005127 0.004070 0.003284 0.002579 0.002107 0.001631 0.001355 0.001028 0.000874 0.000645 0.000566 0.000403 
0.059285 0.038943 0.033535 0.025252 0.021155 0.016211 0.013416 0.010372 0.008523 0.006630 0.005417 0.004238 0.003440 0.002712 0.002182 0.001738 0.001381 0.001117 0.000871 0.000721 0.000546 0.000468 0.000340 
0.048069 0.030890 0.027160 0.020029 0.017150 0.012842 0.010894 0.008199 0.006938 0.005226 0.004424 0.003328 0.002822 0.002119 0.001800 0.001350 0.001147 0.000861 0.000730 0.000551 0.000463 0.000354 0.000292 
0.036533 0.022916 0.020655 0.014837 0.013072 0.009483 0.008334 0.006026 0.005335 0.003815 0.003426 0.002407 0.002206 0.001513 0.001425 0.000947 0.000924 0.000589 0.000602 0.000364 0.000394 0.000222 0.000260 
0.024676 0.015071 0.013988 0.009724 0.008891 0.006178 0.005705 0.003891 0.003685 0.002431 0.002396 0.001503 0.001571 0.000917 0.001040 0.000548 0.000697 0.000317 0.000475 0.000173 0.000330 0.000085 0.000234 
0.012498 0.007411 0.007121 0.004752 0.004557 0.002988 0.002954 0.001852 0.001936 0.001128 0.001285 0.000669 0.000866 0.000381 0.000596 0.000200 0.000421 0.000089 0.000306 0.000020 0.000230 -0.000021 0.000179 
0.000000 0.000000 0.000000 0.000000 0.000000 0.000000 0.000000 0.000000 0.000000 0.000000 0.000000 0.000000 0.000000 0.000000 0.000000 0.000000 0.000000 0.000000 0.000000 0.000000 0.000000 0.000000 0.000000 
