0.000000 0.000000 0.000000 0.000000 0.000000 0.000000 0.000000 0.000000 0.000000 0.000000 0.000000 0.000000 0.000000 0.000000 0.000000 0.000000 0.000000 0.000000 0.000000 0.000000 0.000000 0.000000 0.000000 0.000000 0.000000 0.000000 
0.011110 0.006860 0.006628 0.004631 0.004455 0.003096 0.003029 0.002048 0.002076 0.001341 0.001434 0.000866 0.001000 0.000549 0.000706 0.000338 0.000506 0.000198 0.000369 0.000105 0.000275 0.000045 0.000210 0.000006 0.000165 -0.000019 
0.021967 0.013919 0.013054 0.009440 0.008730 0.006355 0.005894 0.004248 0.004000 0.002825 0.002726 0.001867 0.001867 0.001226 0.001286 0.000797 0.000892 0.000511 0.000624 0.000321 0.000442 0.000196 0.000317 0.000113 0.000231 0.000060 
0.032572 0.021129 0.019317 0.014366 0.012880 0.009710 0.008657 0.006529 0.005839 0.004378 0.003947 0.002929 0.002673 0.001955 0.001814 0.001302 0.001234 0.000864 0.000841 0.000571 0.000575 0.000376 0.000395 0.000247 0.000272 0.000160 
0.042924 0.028447 0.025449 0.019360 0.016942 0.013113 0.011359 0.008845 0.007635 0.005956 0.005137 0.004008 0.003458 0.002696 0.002328 0.001813 0.001567 0.001220 0.001054 0.000822 0.000709 0.000555 0.000475 0.000375 0.000317 0.000255 
0.053024 0.035836 0.031474 0.024386 0.020941 0.016530 0.014026 0.011165 0.009412 0.007532 0.006320 0.005081 0.004243 0.003428 0.002847 0.002315 0.001909 0.001565 0.001278 0.001060 0.000853 0.000720 0.000568 0.000491 0.000376 0.000336 
0.062871 0.043260 0.037407 0.029413 0.024896 0.019935 0.016671 0.013469 0.011182 0.009092 0.007503 0.006137 0.005034 0.004143 0.003375 0.002800 0.002261 0.001894 0.001513 0.001283 0.001010 0.000871 0.000673 0.000593 0.000446 0.000405 
0.072466 0.050689 0.043262 0.034418 0.028816 0.023314 0.019303 0.015747 0.012950 0.010627 0.008691 0.007171 0.005833 0.004840 0.003913 0.003268 0.002623 0.002208 0.001757 0.001494 0.001176 0.001011 0.000786 0.000686 0.000524 0.000466 
0.081808 0.058096 0.049044 0.039383 0.032705 0.026653 0.021923 0.017991 0.014716 0.012135 0.009882 0.008183 0.006637 0.005519 0.004456 0.003723 0.002991 0.002512 0.002007 0.001695 0.001347 0.001145 0.000903 0.000773 0.000605 0.000523 
0.090898 0.065456 0.054760 0.044294 0.036565 0.029946 0.024530 0.020199 0.016477 0.013615 0.011073 0.009175 0.007442 0.006182 0.005002 0.004166 0.003362 0.002807 0.002259 0.001891 0.001519 0.001274 0.001021 0.000858 0.000686 0.000578 
0.099735 0.072747 0.060409 0.049139 0.040392 0.033187 0.027120 0.022369 0.018229 0.015068 0.012258 0.010147 0.008244 0.006832 0.005545 0.004600 0.003731 0.003096 0.002510 0.002084 0.001689 0.001402 0.001137 0.000943 0.000766 0.000634 
0.108320 0.079951 0.065990 0.053909 0.044184 0.036373 0.029689 0.024501 0.019968 0.016494 0.013434 0.011102 0.009040 0.007471 0.006084 0.005027 0.004096 0.003382 0.002758 0.002274 0.001857 0.001529 0.001251 0.001027 0.000844 0.000690 
0.116652 0.087048 0.071500 0.058597 0.047935 0.039501 0.032231 0.026593 0.021688 0.017896 0.014597 0.012040 0.009826 0.008100 0.006616 0.005448 0.004455 0.003664 0.003000 0.002463 0.002021 0.001656 0.001362 0.001112 0.000918 0.000747 
0.124732 0.094025 0.076936 0.063198 0.051639 0.042569 0.034741 0.028646 0.023385 0.019272 0.015744 0.012963 0.010600 0.008719 0.007138 0.005864 0.004807 0.003943 0.003238 0.002651 0.002181 0.001782 0.001470 0.001198 0.000991 0.000805 
0.132559 0.100867 0.082291 0.067706 0.055290 0.045576 0.037214 0.030660 0.025056 0.020622 0.016871 0.013870 0.011360 0.009329 0.007650 0.006274 0.005152 0.004219 0.003469 0.002837 0.002337 0.001908 0.001574 0.001282 0.001060 0.000862 
0.140134 0.107561 0.087559 0.072117 0.058881 0.048520 0.039644 0.032633 0.026696 0.021948 0.017976 0.014762 0.012104 0.009928 0.008150 0.006678 0.005488 0.004491 0.003695 0.003021 0.002488 0.002032 0.001676 0.001366 0.001128 0.000919 
0.147456 0.114096 0.092733 0.076426 0.062407 0.051399 0.042027 0.034566 0.028302 0.023247 0.019057 0.015636 0.012832 0.010517 0.008639 0.007075 0.005816 0.004759 0.003916 0.003202 0.002636 0.002154 0.001774 0.001449 0.001194 0.000975 
0.154526 0.120463 0.097806 0.080631 0.065860 0.054211 0.044359 0.036455 0.029872 0.024519 0.020113 0.016493 0.013541 0.011095 0.009116 0.007464 0.006136 0.005022 0.004130 0.003379 0.002780 0.002274 0.001871 0.001530 0.001259 0.001030 
0.161343 0.126652 0.102771 0.084727 0.069235 0.056954 0.046635 0.038300 0.031403 0.025761 0.021143 0.017330 0.014233 0.011660 0.009580 0.007845 0.006448 0.005279 0.004339 0.003553 0.002920 0.002391 0.001965 0.001609 0.001322 0.001083 
0.167908 0.132656 0.107619 0.088711 0.072527 0.059626 0.048853 0.040099 0.032894 0.026974 0.022144 0.018148 0.014905 0.012211 0.010032 0.008217 0.006751 0.005530 0.004543 0.003722 0.003057 0.002505 0.002057 0.001686 0.001384 0.001135 
0.174220 0.138467 0.112344 0.092581 0.075729 0.062224 0.051008 0.041849 0.034342 0.028154 0.023116 0.018944 0.015558 0.012748 0.010470 0.008579 0.007046 0.005774 0.004741 0.003886 0.003190 0.002616 0.002146 0.001761 0.001444 0.001185 
0.180280 0.144080 0.116938 0.096332 0.078838 0.064746 0.053097 0.043550 0.035745 0.029301 0.024058 0.019717 0.016191 0.013269 0.010895 0.008931 0.007331 0.006011 0.004933 0.004046 0.003319 0.002723 0.002233 0.001833 0.001502 0.001234 
0.186088 0.149488 0.121394 0.099960 0.081847 0.067189 0.055119 0.045197 0.037102 0.030412 0.024970 0.020467 0.016803 0.013774 0.011307 0.009271 0.007608 0.006240 0.005119 0.004200 0.003445 0.002827 0.002318 0.001903 0.001559 0.001281 
0.191642 0.154686 0.125705 0.103464 0.084753 0.069550 0.057070 0.046790 0.038412 0.031487 0.025850 0.021191 0.017395 0.014262 0.011705 0.009599 0.007876 0.006461 0.005299 0.004349 0.003566 0.002927 0.002399 0.001970 0.001614 0.001326 
0.196945 0.159670 0.129865 0.106838 0.087552 0.071826 0.058949 0.048326 0.039673 0.032523 0.026697 0.021889 0.017964 0.014732 0.012088 0.009915 0.008134 0.006674 0.005473 0.004492 0.003683 0.003023 0.002478 0.002035 0.001668 0.001369 
0.201995 0.164437 0.133865 0.110080 0.090240 0.074015 0.060752 0.049803 0.040884 0.033518 0.027511 0.022559 0.018512 0.015184 0.012456 0.010219 0.008382 0.006878 0.005640 0.004629 0.003795 0.003115 0.002554 0.002097 0.001719 0.001411 
0.206792 0.168981 0.137702 0.113185 0.092814 0.076113 0.062478 0.051219 0.042044 0.034472 0.028291 0.023202 0.019036 0.015616 0.012809 0.010510 0.008620 0.007073 0.005800 0.004760 0.003903 0.003204 0.002627 0.002156 0.001768 0.001451 
0.211337 0.173301 0.141369 0.116152 0.095270 0.078118 0.064126 0.052572 0.043150 0.035384 0.029035 0.023815 0.019537 0.016028 0.013147 0.010787 0.008847 0.007260 0.005953 0.004886 0.004006 0.003288 0.002696 0.002213 0.001815 0.001489 
0.215629 0.177393 0.144860 0.118975 0.097605 0.080028 0.065692 0.053859 0.044203 0.036251 0.029743 0.024398 0.020014 0.016421 0.013468 0.011051 0.009063 0.007437 0.006099 0.005005 0.004105 0.003368 0.002762 0.002267 0.001859 0.001525 
0.219669 0.181255 0.148171 0.121652 0.099817 0.081839 0.067176 0.055080 0.045201 0.037072 0.030415 0.024951 0.020467 0.016792 0.013773 0.011301 0.009268 0.007605 0.006237 0.005118 0.004198 0.003444 0.002825 0.002318 0.001901 0.001560 
0.223457 0.184885 0.151296 0.124179 0.101903 0.083549 0.068576 0.056232 0.046143 0.037848 0.031049 0.025473 0.020893 0.017143 0.014060 0.011537 0.009462 0.007764 0.006368 0.005225 0.004286 0.003516 0.002884 0.002366 0.001941 0.001592 
0.226992 0.188280 0.154232 0.126554 0.103860 0.085155 0.069890 0.057314 0.047027 0.038576 0.031644 0.025962 0.021295 0.017472 0.014330 0.011758 0.009644 0.007913 0.006490 0.005325 0.004368 0.003583 0.002940 0.002411 0.001978 0.001623 
0.230274 0.191439 0.156975 0.128773 0.105687 0.086657 0.071117 0.058325 0.047853 0.039255 0.032201 0.026419 0.021669 0.017779 0.014583 0.011965 0.009814 0.008052 0.006605 0.005418 0.004445 0.003646 0.002991 0.002454 0.002013 0.001651 
0.233304 0.194360 0.159520 0.130833 0.107380 0.088050 0.072255 0.059263 0.048619 0.039886 0.032717 0.026843 0.022017 0.018065 0.014817 0.012157 0.009972 0.008181 0.006711 0.005505 0.004516 0.003705 0.003039 0.002493 0.002045 0.001678 
0.236081 0.197042 0.161864 0.132732 0.108940 0.089335 0.073303 0.060127 0.049326 0.040466 0.033193 0.027233 0.022338 0.018327 0.015033 0.012333 0.010117 0.008300 0.006809 0.005585 0.004582 0.003759 0.003084 0.002529 0.002075 0.001702 
0.238606 0.199483 0.164005 0.134467 0.110363 0.090508 0.074260 0.060916 0.049971 0.040996 0.033628 0.027590 0.022630 0.018567 0.015230 0.012494 0.010249 0.008408 0.006898 0.005658 0.004642 0.003808 0.003124 0.002562 0.002102 0.001724 
0.240879 0.201683 0.165939 0.136035 0.111648 0.091568 0.075124 0.061628 0.050553 0.041475 0.034020 0.027911 0.022895 0.018783 0.015408 0.012640 0.010369 0.008506 0.006978 0.005724 0.004696 0.003852 0.003160 0.002592 0.002127 0.001745 
0.242899 0.203641 0.167665 0.137435 0.112793 0.092515 0.075896 0.062264 0.051074 0.041902 0.034371 0.028198 0.023131 0.018976 0.015567 0.012770 0.010476 0.008594 0.007050 0.005783 0.004745 0.003892 0.003193 0.002619 0.002149 0.001763 
0.244666 0.205356 0.169179 0.138664 0.113799 0.093345 0.076572 0.062822 0.051530 0.042277 0.034679 0.028450 0.023338 0.019146 0.015706 0.012884 0.010570 0.008671 0.007113 0.005835 0.004787 0.003927 0.003221 0.002643 0.002168 0.001778 
0.246181 0.206827 0.170481 0.139720 0.114663 0.094060 0.077154 0.063301 0.051923 0.042599 0.034943 0.028667 0.023516 0.019291 0.015826 0.012982 0.010650 0.008737 0.007167 0.005880 0.004823 0.003957 0.003246 0.002663 0.002184 0.001792 
0.247444 0.208053 0.171567 0.140603 0.115384 0.094656 0.077640 0.063702 0.052251 0.042868 0.035164 0.028848 0.023665 0.019413 0.015926 0.013064 0.010718 0.008792 0.007213 0.005917 0.004854 0.003982 0.003266 0.002680 0.002198 0.001803 
0.248453 0.209035 0.172439 0.141311 0.115962 0.095134 0.078030 0.064023 0.052513 0.043083 0.035341 0.028992 0.023784 0.019511 0.016006 0.013130 0.010772 0.008836 0.007249 0.005946 0.004878 0.004002 0.003283 0.002693 0.002209 0.001812 
0.249211 0.209772 0.173093 0.141843 0.116396 0.095494 0.078322 0.064264 0.052711 0.043245 0.035475 0.029101 0.023874 0.019584 0.016066 0.013179 0.010812 0.008869 0.007276 0.005969 0.004897 0.004017 0.003295 0.002703 0.002218 0.001819 
0.249716 0.210263 0.173529 0.142198 0.116685 0.095733 0.078517 0.064424 0.052843 0.043353 0.035563 0.029174 0.023934 0.019633 0.016107 0.013212 0.010839 0.008892 0.007294 0.005984 0.004909 0.004027 0.003303 0.002710 0.002223 0.001824 
0.249968 0.210509 0.173748 0.142376 0.116830 0.095853 0.078615 0.064505 0.052909 0.043407 0.035608 0.029210 0.023964 0.019657 0.016127 0.013229 0.010853 0.008903 0.007303 0.005991 0.004915 0.004032 0.003308 0.002713 0.002226 0.001826 
0.249968 0.210509 0.173748 0.142376 0.116830 0.095853 0.078615 0.064505 0.052909 0.043407 0.035608 0.029210 0.023964 0.019657 0.016127 0.013229 0.010853 0.008903 0.007303 0.005991 0.004915 0.004032 0.003308 0.002713 0.002226 0.001826 
0.249716 0.210263 0.173529 0.142198 0.116685 0.095733 0.078517 0.064424 0.052843 0.043353 0.035563 0.029174 0.023934 0.019633 0.016107 0.013212 0.010839 0.008892 0.007294 0.005984 0.004909 0.004027 0.003303 0.002710 0.002223 0.001824 
0.249211 0.209772 0.173093 0.141843 0.116396 0.095494 0.078322 0.064264 0.052711 0.043245 0.035475 0.029101 0.023874 0.019584 0.016066 0.013179 0.010812 0.008869 0.007276 0.005969 0.004897 0.004017 0.003295 0.002703 0.002218 0.001819 
0.248453 0.209035 0.172439 0.141311 0.115962 0.095134 0.078030 0.064023 0.052513 0.043083 0.035341 0.028992 0.023784 0.019511 0.016006 0.013130 0.010772 0.008836 0.007249 0.005946 0.004878 0.004002 0.003283 0.002693 0.002209 0.001812 
0.247444 0.208053 0.171567 0.140603 0.115384 0.094656 0.077640 0.063702 0.052251 0.042868 0.035164 0.028848 0.023665 0.019413 0.015926 0.013064 0.010718 0.008792 0.007213 0.005917 0.004854 0.003982 0.003266 0.002680 0.002198 0.001803 
0.246181 0.206827 0.170481 0.139720 0.114663 0.094060 0.077154 0.063301 0.051923 0.042599 0.034943 0.028667 0.023516 0.019291 0.015826 0.012982 0.010650 0.008737 0.007167 0.005880 0.004823 0.003957 0.003246 0.002663 0.002184 0.001792 
0.244666 0.205356 0.169179 0.138664 0.113799 0.093345 0.076572 0.062822 0.051530 0.042277 0.034679 0.028450 0.023338 0.019146 0.015706 0.012884 0.010570 0.008671 0.007113 0.005835 0.004787 0.003927 0.003221 0.002643 0.002168 0.001778 
0.242899 0.203641 0.167665 0.137435 0.112793 0.092515 0.075896 0.062264 0.051074 0.041902 0.034371 0.028198 0.023131 0.018976 0.015567 0.012770 0.010476 0.008594 0.007050 0.005783 0.004745 0.003892 0.003193 0.002619 0.002149 0.001763 
0.240879 0.201683 0.165939 0.136035 0.111648 0.091568 0.075124 0.061628 0.050553 0.041475 0.034020 0.027911 0.022895 0.018783 0.015408 0.012640 0.010369 0.008506 0.006978 0.005724 0.004696 0.003852 0.003160 0.002592 0.002127 0.001745 
0.238606 0.199483 0.164005 0.134467 0.110363 0.090508 0.074260 0.060916 0.049971 0.040996 0.033628 0.027590 0.022630 0.018567 0.015230 0.012494 0.010249 0.008408 0.006898 0.005658 0.004642 0.003808 0.003124 0.002562 0.002102 0.001724 
0.236081 0.197042 0.161864 0.132732 0.108940 0.089335 0.073303 0.060127 0.049326 0.040466 0.033193 0.027233 0.022338 0.018327 0.015033 0.012333 0.010117 0.008300 0.006809 0.005585 0.004582 0.003759 0.003084 0.002529 0.002075 0.001702 
0.233304 0.194360 0.159520 0.130833 0.107380 0.088050 0.072255 0.059263 0.048619 0.039886 0.032717 0.026843 0.022017 0.018065 0.014817 0.012157 0.009972 0.008181 0.006711 0.005505 0.004516 0.003705 0.003039 0.002493 0.002045 0.001678 
0.230274 0.191439 0.156975 0.128773 0.105687 0.086657 0.071117 0.058325 0.047853 0.039255 0.032201 0.026419 0.021669 0.017779 0.014583 0.011965 0.009814 0.008052 0.006605 0.005418 0.004445 0.003646 0.002991 0.002454 0.002013 0.001651 
0.226992 0.188280 0.154232 0.126554 0.103860 0.085155 0.069890 0.057314 0.047027 0.038576 0.031644 0.025962 0.021295 0.017472 0.014330 0.011758 0.009644 0.007913 0.006490 0.005325 0.004368 0.003583 0.002940 0.002411 0.001978 0.001623 
0.223457 0.184885 0.151296 0.124179 0.101903 0.083549 0.068576 0.056232 0.046143 0.037848 0.031049 0.025473 0.020893 0.017143 0.014060 0.011537 0.009462 0.007764 0.006368 0.005225 0.004286 0.003516 0.002884 0.002366 0.001941 0.001592 
0.219669 0.181255 0.148171 0.121652 0.099817 0.081839 0.067176 0.055080 0.045201 0.037072 0.030415 0.024951 0.020467 0.016792 0.013773 0.011301 0.009268 0.007605 0.006237 0.005118 0.004198 0.003444 0.002825 0.002318 0.001901 0.001560 
0.215629 0.177393 0.144860 0.118975 0.097605 0.080028 0.065692 0.053859 0.044203 0.036251 0.029743 0.024398 0.020014 0.016421 0.013468 0.011051 0.009063 0.007437 0.006099 0.005005 0.004105 0.003368 0.002762 0.002267 0.001859 0.001525 
0.211337 0.173301 0.141369 0.116152 0.095270 0.078118 0.064126 0.052572 0.043150 0.035384 0.029035 0.023815 0.019537 0.016028 0.013147 0.010787 0.008847 0.007260 0.005953 0.004886 0.004006 0.003288 0.002696 0.002213 0.001815 0.001489 
0.206792 0.168981 0.137702 0.113185 0.092814 0.076113 0.062478 0.051219 0.042044 0.034472 0.028291 0.023202 0.019036 0.015616 0.012809 0.010510 0.008620 0.007073 0.005800 0.004760 0.003903 0.003204 0.002627 0.002156 0.001768 0.001451 
0.201995 0.164437 0.133865 0.110080 0.090240 0.074015 0.060752 0.049803 0.040884 0.033518 0.027511 0.022559 0.018512 0.015184 0.012456 0.010219 0.008382 0.006878 0.005640 0.004629 0.003795 0.003115 0.002554 0.002097 0.001719 0.001411 
0.196945 0.159670 0.129865 0.106838 0.087552 0.071826 0.058949 0.048326 0.039673 0.032523 0.026697 0.021889 0.017964 0.014732 0.012088 0.009915 0.008134 0.006674 0.005473 0.004492 0.003683 0.003023 0.002478 0.002035 0.001668 0.001369 
0.191642 0.154686 0.125705 0.103464 0.084753 0.069550 0.057070 0.046790 0.038412 0.031487 0.025850 0.021191 0.017395 0.014262 0.011705 0.009599 0.007876 0.006461 0.005299 0.004349 0.003566 0.002927 0.002399 0.001970 0.001614 0.001326 
0.186088 0.149488 0.121394 0.099960 0.081847 0.067189 0.055119 0.045197 0.037102 0.030412 0.024970 0.020467 0.016803 0.013774 0.011307 0.009271 0.007608 0.006240 0.005119 0.004200 0.003445 0.002827 0.002318 0.001903 0.001559 0.001281 
0.180280 0.144080 0.116938 0.096332 0.078838 0.064746 0.053097 0.043550 0.035745 0.029301 0.024058 0.019717 0.016191 0.013269 0.010895 0.008931 0.007331 0.006011 0.004933 0.004046 0.003319 0.002723 0.002233 0.001833 0.001502 0.001234 
0.174220 0.138467 0.112344 0.092581 0.075729 0.062224 0.051008 0.041849 0.034342 0.028154 0.023116 0.018944 0.015558 0.012748 0.010470 0.008579 0.007046 0.005774 0.004741 0.003886 0.003190 0.002616 0.002146 0.001761 0.001444 0.001185 
0.167908 0.132656 0.107619 0.088711 0.072527 0.059626 0.048853 0.040099 0.032894 0.026974 0.022144 0.018148 0.014905 0.012211 0.010032 0.008217 0.006751 0.005530 0.004543 0.003722 0.003057 0.002505 0.002057 0.001686 0.001384 0.001135 
0.161343 0.126652 0.102771 0.084727 0.069235 0.056954 0.046635 0.038300 0.031403 0.025761 0.021143 0.017330 0.014233 0.011660 0.009580 0.007845 0.006448 0.005279 0.004339 0.003553 0.002920 0.002391 0.001965 0.001609 0.001322 0.001083 
0.154526 0.120463 0.097806 0.080631 0.065860 0.054211 0.044359 0.036455 0.029872 0.024519 0.020113 0.016493 0.013541 0.011095 0.009116 0.007464 0.006136 0.005022 0.004130 0.003379 0.002780 0.002274 0.001871 0.001530 0.001259 0.001030 
0.147456 0.114096 0.092733 0.076426 0.062407 0.051399 0.042027 0.034566 0.028302 0.023247 0.019057 0.015636 0.012832 0.010517 0.008639 0.007075 0.005816 0.004759 0.003916 0.003202 0.002636 0.002154 0.001774 0.001449 0.001194 0.000975 
0.140134 0.107561 0.087559 0.072117 0.058881 0.048520 0.039644 0.032633 0.026696 0.021948 0.017976 0.014762 0.012104 0.009928 0.008150 0.006678 0.005488 0.004491 0.003695 0.003021 0.002488 0.002032 0.001676 0.001366 0.001128 0.000919 
0.132559 0.100867 0.082291 0.067706 0.055290 0.045576 0.037214 0.030660 0.025056 0.020622 0.016871 0.013870 0.011360 0.009329 0.007650 0.006274 0.005152 0.004219 0.003469 0.002837 0.002337 0.001908 0.001574 0.001282 0.001060 0.000862 
0.124732 0.094025 0.076936 0.063198 0.051639 0.042569 0.034741 0.028646 0.023385 0.019272 0.015744 0.012963 0.010600 0.008719 0.007138 0.005864 0.004807 0.003943 0.003238 0.002651 0.002181 0.001782 0.001470 0.001198 0.000991 0.000805 
0.116652 0.087048 0.071500 0.058597 0.047935 0.039501 0.032231 0.026593 0.021688 0.017896 0.014597 0.012040 0.009826 0.008100 0.006616 0.005448 0.004455 0.003664 0.003000 0.002463 0.002021 0.001656 0.001362 0.001112 0.000918 0.000747 
0.108320 0.079951 0.065990 0.053909 0.044184 0.036373 0.029689 0.024501 0.019968 0.016494 0.013434 0.011102 0.009040 0.007471 0.006084 0.005027 0.004096 0.003382 0.002758 0.002274 0.001857 0.001529 0.001251 0.001027 0.000844 0.000690 
0.099735 0.072747 0.060409 0.049139 0.040392 0.033187 0.027120 0.022369 0.018229 0.015068 0.012258 0.010147 0.008244 0.006832 0.005545 0.004600 0.003731 0.003096 0.002510 0.002084 0.001689 0.001402 0.001137 0.000943 0.000766 0.000634 
0.090898 0.065456 0.054760 0.044294 0.036565 0.029946 0.024530 0.020199 0.016477 0.013615 0.011073 0.009175 0.007442 0.006182 0.005002 0.004166 0.003362 0.002807 0.002259 0.001891 0.001519 0.001274 0.001021 0.000858 0.000686 0.000578 
0.081808 0.058096 0.049044 0.039383 0.032705 0.026653 0.021923 0.017991 0.014716 0.012135 0.009882 0.008183 0.006637 0.005519 0.004456 0.003723 0.002991 0.002512 0.002007 0.001695 0.001347 0.001145 0.000903 0.000773 0.000605 0.000523 
0.072466 0.050689 0.043262 0.034418 0.028816 0.023314 0.019303 0.015747 0.012950 0.010627 0.008691 0.007171 0.005833 0.004840 0.003913 0.003268 0.002623 0.002208 0.001757 0.001494 0.001176 0.001011 0.000786 0.000686 0.000524 0.000466 
0.062871 0.043260 0.037407 0.029413 0.024896 0.019935 0.016671 0.013469 0.011182 0.009092 0.007503 0.006137 0.005034 0.004143 0.003375 0.002800 0.002261 0.001894 0.001513 0.001283 0.001010 0.000871 0.000673 0.000593 0.000446 0.000405 
0.053024 0.035836 0.031474 0.024386 0.020941 0.016530 0.014026 0.011165 0.009412 0.007532 0.006320 0.005081 0.004243 0.003428 0.002847 0.002315 0.001909 0.001565 0.001278 0.001060 0.000853 0.000720 0.000568 0.000491 0.000376 0.000336 
0.042924 0.028447 0.025449 0.019360 0.016942 0.013113 0.011359 0.008845 0.007635 0.005956 0.005137 0.004008 0.003458 0.002696 0.002328 0.001813 0.001567 0.001220 0.001054 0.000822 0.000709 0.000555 0.000475 0.000375 0.000317 0.000255 
0.032572 0.021129 0.019317 0.014366 0.012880 0.009710 0.008657 0.006529 0.005839 0.004378 0.003947 0.002929 0.002673 0.001955 0.001814 0.001302 0.001234 0.000864 0.000841 0.000571 0.000575 0.000376 0.000395 0.000247 0.000272 0.000160 
0.021967 0.013919 0.013054 0.009440 0.008730 0.006355 0.005894 0.004248 0.004000 0.002825 0.002726 0.001867 0.001867 0.001226 0.001286 0.000797 0.000892 0.000511 0.000624 0.000321 0.000442 0.000196 0.000317 0.000113 0.000231 0.000060 
0.011110 0.006860 0.006628 0.004631 0.004455 0.003096 0.003029 0.002048 0.002076 0.001341 0.001434 0.000866 0.001000 0.000549 0.000706 0.000338 0.000506 0.000198 0.000369 0.000105 0.000275 0.000045 0.000210 0.000006 0.000165 -0.000019 
-0.000000 0.000000 0.000000 0.000000 0.000000 0.000000 0.000000 0.000000 0.000000 0.000000 0.000000 0.000000 0.000000 0.000000 0.000000 0.000000 0.000000 0.000000 0.000000 0.000000 0.000000 0.000000 0.000000 0.000000 0.000000 0.000000 
