0.000000 0.000000 0.000000 0.000000 0.000000 0.000000 0.000000 0.000000 0.000000 0.000000 0.000000 0.000000 0.000000 0.000000 0.000000 0.000000 0.000000 0.000000 0.000000 0.000000 0.000000 0.000000 0.000000 0.000000 0.000000 0.000000 0.000000 0.000000 0.000000 
0.009999 0.006379 0.006190 0.004479 0.004323 0.003136 0.003055 0.002178 0.002172 0.001503 0.001553 0.001028 0.001117 0.000697 0.000809 0.000465 0.000592 0.000304 0.000438 0.000192 0.000329 0.000114 0.000250 0.000061 0.000194 0.000025 0.000154 0.000000 0.000125 
0.019794 0.012921 0.012214 0.009104 0.008499 0.006406 0.005975 0.004482 0.004218 0.003124 0.002987 0.002169 0.002122 0.001500 0.001513 0.001031 0.001084 0.000704 0.000780 0.000476 0.000565 0.000318 0.000413 0.000208 0.000304 0.000133 0.000227 0.000081 0.000171 
0.029385 0.019588 0.018105 0.013827 0.012569 0.009759 0.008808 0.006856 0.006191 0.004806 0.004360 0.003363 0.003074 0.002350 0.002171 0.001639 0.001535 0.001141 0.001087 0.000793 0.000771 0.000550 0.000548 0.000380 0.000391 0.000262 0.000279 0.000180 0.000200 
0.038772 0.026348 0.023886 0.018611 0.016564 0.013154 0.011587 0.009262 0.008125 0.006511 0.005703 0.004574 0.004005 0.003212 0.002814 0.002255 0.001976 0.001583 0.001388 0.001112 0.000974 0.000782 0.000683 0.000550 0.000479 0.000388 0.000335 0.000274 0.000233 
0.047954 0.033170 0.029577 0.023425 0.020505 0.016564 0.014334 0.011674 0.010040 0.008217 0.007037 0.005782 0.004933 0.004069 0.003457 0.002864 0.002422 0.002017 0.001696 0.001422 0.001186 0.001003 0.000828 0.000710 0.000577 0.000503 0.000400 0.000358 0.000277 
0.056933 0.040027 0.035191 0.028246 0.024406 0.019969 0.017060 0.014075 0.011946 0.009911 0.008370 0.006977 0.005864 0.004912 0.004108 0.003459 0.002876 0.002437 0.002013 0.001719 0.001407 0.001213 0.000982 0.000858 0.000684 0.000607 0.000476 0.000431 0.000330 
0.065708 0.046896 0.040739 0.033053 0.028277 0.023354 0.019773 0.016456 0.013849 0.011585 0.009704 0.008154 0.006801 0.005739 0.004765 0.004040 0.003338 0.002845 0.002337 0.002004 0.001636 0.001413 0.001144 0.000997 0.000799 0.000704 0.000558 0.000498 0.000388 
0.074278 0.053753 0.046227 0.037832 0.032121 0.026709 0.022475 0.018810 0.015748 0.013236 0.011040 0.009311 0.007741 0.006550 0.005428 0.004608 0.003805 0.003242 0.002667 0.002281 0.001869 0.001606 0.001309 0.001131 0.000917 0.000796 0.000642 0.000561 0.000449 
0.082645 0.060581 0.051660 0.042571 0.035940 0.030027 0.025165 0.021133 0.017643 0.014863 0.012376 0.010450 0.008682 0.007346 0.006092 0.005164 0.004274 0.003630 0.002999 0.002552 0.002104 0.001794 0.001476 0.001261 0.001036 0.000886 0.000727 0.000623 0.000510 
0.090807 0.067360 0.057039 0.047260 0.039734 0.033303 0.027841 0.023424 0.019531 0.016465 0.013707 0.011571 0.009621 0.008130 0.006754 0.005712 0.004742 0.004012 0.003330 0.002818 0.002338 0.001979 0.001642 0.001390 0.001154 0.000976 0.000811 0.000685 0.000570 
0.098765 0.074075 0.062363 0.051892 0.043499 0.036535 0.030500 0.025683 0.021407 0.018044 0.015030 0.012675 0.010554 0.008902 0.007412 0.006252 0.005206 0.004390 0.003657 0.003082 0.002570 0.002163 0.001806 0.001518 0.001269 0.001065 0.000893 0.000747 0.000628 
0.106520 0.080713 0.067632 0.056459 0.047232 0.039718 0.033138 0.027907 0.023268 0.019600 0.016342 0.013763 0.011479 0.009664 0.008064 0.006785 0.005666 0.004763 0.003981 0.003343 0.002798 0.002346 0.001966 0.001646 0.001382 0.001155 0.000972 0.000810 0.000684 
0.114070 0.087259 0.072842 0.060958 0.050928 0.042853 0.035750 0.030097 0.025111 0.021133 0.017640 0.014837 0.012393 0.010416 0.008707 0.007312 0.006118 0.005132 0.004299 0.003602 0.003021 0.002528 0.002124 0.001774 0.001493 0.001245 0.001050 0.000873 0.000738 
0.121416 0.093704 0.077990 0.065383 0.054584 0.045936 0.038332 0.032253 0.026930 0.022642 0.018921 0.015895 0.013294 0.011158 0.009341 0.007832 0.006563 0.005498 0.004612 0.003859 0.003241 0.002709 0.002277 0.001901 0.001601 0.001334 0.001125 0.000936 0.000791 
0.128558 0.100036 0.083071 0.069731 0.058193 0.048967 0.040880 0.034374 0.028724 0.024129 0.020183 0.016938 0.014181 0.011890 0.009964 0.008347 0.007001 0.005859 0.004919 0.004113 0.003456 0.002887 0.002428 0.002027 0.001706 0.001423 0.001199 0.000999 0.000842 
0.135496 0.106246 0.088079 0.073999 0.061750 0.051943 0.043389 0.036458 0.030490 0.025591 0.021424 0.017964 0.015052 0.012611 0.010575 0.008854 0.007429 0.006216 0.005219 0.004364 0.003667 0.003064 0.002576 0.002151 0.001809 0.001511 0.001271 0.001061 0.000893 
0.142230 0.112326 0.093010 0.078183 0.065251 0.054864 0.045856 0.038506 0.032224 0.027029 0.022641 0.018975 0.015907 0.013322 0.011175 0.009353 0.007850 0.006567 0.005514 0.004612 0.003873 0.003238 0.002720 0.002274 0.001911 0.001597 0.001342 0.001122 0.000942 
0.148760 0.118268 0.097859 0.082281 0.068691 0.057728 0.048278 0.040515 0.033925 0.028440 0.023835 0.019967 0.016744 0.014019 0.011762 0.009844 0.008261 0.006913 0.005802 0.004855 0.004075 0.003409 0.002862 0.002395 0.002010 0.001682 0.001411 0.001181 0.000991 
0.155086 0.124066 0.102618 0.086290 0.072065 0.060533 0.050650 0.042485 0.035590 0.029825 0.025003 0.020941 0.017563 0.014704 0.012336 0.010326 0.008664 0.007252 0.006085 0.005093 0.004273 0.003577 0.003001 0.002513 0.002107 0.001765 0.001480 0.001240 0.001039 
0.161208 0.129713 0.107282 0.090206 0.075368 0.063276 0.052971 0.044413 0.037218 0.031181 0.026145 0.021894 0.018364 0.015375 0.012898 0.010798 0.009058 0.007584 0.006361 0.005326 0.004467 0.003741 0.003137 0.002628 0.002203 0.001846 0.001546 0.001297 0.001086 
0.167126 0.135205 0.111847 0.094028 0.078596 0.065956 0.055238 0.046297 0.038808 0.032506 0.027259 0.022827 0.019145 0.016031 0.013446 0.011259 0.009442 0.007908 0.006631 0.005554 0.004656 0.003901 0.003270 0.002740 0.002296 0.001925 0.001612 0.001352 0.001132 
0.172840 0.140536 0.116305 0.097753 0.081745 0.068571 0.057447 0.048137 0.040357 0.033800 0.028345 0.023737 0.019907 0.016671 0.013980 0.011709 0.009817 0.008224 0.006894 0.005776 0.004841 0.004057 0.003399 0.002850 0.002387 0.002002 0.001676 0.001406 0.001177 
0.178349 0.145702 0.120651 0.101378 0.084812 0.071118 0.059597 0.049929 0.041864 0.035061 0.029402 0.024624 0.020648 0.017294 0.014500 0.012147 0.010183 0.008532 0.007150 0.005992 0.005021 0.004209 0.003526 0.002956 0.002476 0.002076 0.001739 0.001458 0.001221 
0.183655 0.150699 0.124880 0.104899 0.087792 0.073595 0.061686 0.051672 0.043327 0.036288 0.030429 0.025486 0.021369 0.017900 0.015006 0.012573 0.010538 0.008831 0.007400 0.006202 0.005196 0.004356 0.003649 0.003060 0.002563 0.002149 0.001800 0.001509 0.001264 
0.188756 0.155523 0.128986 0.108315 0.090682 0.075999 0.063711 0.053365 0.044747 0.037478 0.031424 0.026323 0.022067 0.018488 0.015497 0.012986 0.010882 0.009121 0.007642 0.006406 0.005367 0.004499 0.003769 0.003160 0.002647 0.002219 0.001859 0.001559 0.001305 
0.193654 0.160172 0.132965 0.111622 0.093480 0.078328 0.065671 0.055004 0.046121 0.038631 0.032388 0.027133 0.022744 0.019057 0.015972 0.013385 0.011216 0.009401 0.007877 0.006603 0.005532 0.004637 0.003885 0.003257 0.002728 0.002287 0.001916 0.001606 0.001346 
0.198347 0.164642 0.136812 0.114817 0.096182 0.080580 0.067563 0.056589 0.047447 0.039746 0.033319 0.027916 0.023398 0.019607 0.016431 0.013771 0.011539 0.009672 0.008103 0.006793 0.005691 0.004771 0.003997 0.003350 0.002807 0.002353 0.001971 0.001652 0.001385 
0.202836 0.168931 0.140521 0.117898 0.098785 0.082752 0.069387 0.058118 0.048726 0.040820 0.034217 0.028671 0.024029 0.020137 0.016874 0.014143 0.011850 0.009933 0.008322 0.006976 0.005845 0.004899 0.004105 0.003441 0.002883 0.002416 0.002025 0.001697 0.001422 
0.207122 0.173037 0.144090 0.120862 0.101288 0.084842 0.071139 0.059588 0.049956 0.041854 0.035080 0.029397 0.024635 0.020647 0.017300 0.014501 0.012150 0.010184 0.008533 0.007152 0.005993 0.005023 0.004209 0.003528 0.002956 0.002477 0.002076 0.001740 0.001458 
0.211203 0.176957 0.147513 0.123706 0.103686 0.086848 0.072820 0.060999 0.051135 0.042845 0.035909 0.030092 0.025217 0.021135 0.017709 0.014843 0.012437 0.010425 0.008735 0.007321 0.006134 0.005142 0.004308 0.003611 0.003026 0.002536 0.002125 0.001781 0.001493 
0.215080 0.180690 0.150787 0.126427 0.105979 0.088767 0.074426 0.062349 0.052263 0.043793 0.036701 0.030758 0.025774 0.021602 0.018101 0.015171 0.012712 0.010655 0.008928 0.007483 0.006270 0.005255 0.004404 0.003690 0.003093 0.002592 0.002172 0.001820 0.001526 
0.218753 0.184235 0.153908 0.129022 0.108164 0.090598 0.075958 0.063635 0.053338 0.044696 0.037456 0.031392 0.026305 0.022047 0.018474 0.015484 0.012974 0.010874 0.009112 0.007637 0.006399 0.005363 0.004494 0.003766 0.003157 0.002645 0.002217 0.001858 0.001557 
0.222222 0.187588 0.156873 0.131489 0.110238 0.092338 0.077413 0.064858 0.054360 0.045554 0.038174 0.031994 0.026809 0.022470 0.018828 0.015781 0.013223 0.011082 0.009287 0.007783 0.006522 0.005466 0.004581 0.003839 0.003217 0.002696 0.002259 0.001893 0.001587 
0.225487 0.190750 0.159678 0.133825 0.112201 0.093985 0.078789 0.066015 0.055327 0.046367 0.038854 0.032564 0.027287 0.022870 0.019164 0.016061 0.013459 0.011280 0.009452 0.007922 0.006639 0.005563 0.004662 0.003907 0.003274 0.002744 0.002300 0.001927 0.001615 
0.228548 0.193720 0.162322 0.136028 0.114049 0.095538 0.080087 0.067106 0.056239 0.047132 0.039495 0.033102 0.027737 0.023247 0.019480 0.016326 0.013681 0.011466 0.009609 0.008052 0.006748 0.005655 0.004739 0.003971 0.003328 0.002789 0.002338 0.001959 0.001642 
0.231405 0.196495 0.164800 0.138096 0.115783 0.096995 0.081303 0.068129 0.057094 0.047850 0.040096 0.033605 0.028159 0.023601 0.019777 0.016575 0.013890 0.011640 0.009755 0.008175 0.006851 0.005741 0.004811 0.004032 0.003379 0.002832 0.002373 0.001989 0.001667 
0.234058 0.199075 0.167112 0.140025 0.117399 0.098355 0.082438 0.069083 0.057892 0.048519 0.040657 0.034075 0.028554 0.023931 0.020054 0.016806 0.014084 0.011803 0.009891 0.008289 0.006947 0.005821 0.004879 0.004088 0.003426 0.002871 0.002406 0.002016 0.001690 
0.236506 0.201460 0.169254 0.141815 0.118896 0.099616 0.083491 0.069967 0.058632 0.049139 0.041177 0.034511 0.028919 0.024236 0.020310 0.017021 0.014264 0.011954 0.010018 0.008395 0.007036 0.005896 0.004941 0.004141 0.003470 0.002908 0.002437 0.002042 0.001712 
0.238751 0.203648 0.171224 0.143463 0.120273 0.100776 0.084459 0.070781 0.059313 0.049710 0.041656 0.034911 0.029255 0.024518 0.020546 0.017219 0.014430 0.012092 0.010134 0.008492 0.007117 0.005964 0.004999 0.004189 0.003510 0.002942 0.002465 0.002066 0.001731 
0.240792 0.205639 0.173021 0.144967 0.121530 0.101835 0.085342 0.071523 0.059935 0.050231 0.042092 0.035277 0.029562 0.024774 0.020762 0.017399 0.014581 0.012219 0.010240 0.008581 0.007192 0.006027 0.005051 0.004233 0.003547 0.002973 0.002491 0.002088 0.001750 
0.242628 0.207433 0.174642 0.146325 0.122664 0.102791 0.086140 0.072193 0.060496 0.050701 0.042487 0.035607 0.029839 0.025006 0.020956 0.017562 0.014718 0.012334 0.010336 0.008662 0.007259 0.006083 0.005098 0.004272 0.003580 0.003000 0.002514 0.002107 0.001766 
0.244261 0.209028 0.176087 0.147536 0.123674 0.103643 0.086851 0.072790 0.060996 0.051120 0.042838 0.035901 0.030086 0.025213 0.021130 0.017707 0.014839 0.012436 0.010422 0.008734 0.007319 0.006134 0.005140 0.004308 0.003610 0.003025 0.002535 0.002125 0.001781 
0.245689 0.210425 0.177355 0.148599 0.124560 0.104391 0.087475 0.073314 0.061435 0.051487 0.043147 0.036159 0.030302 0.025394 0.021282 0.017834 0.014946 0.012525 0.010497 0.008796 0.007372 0.006178 0.005177 0.004339 0.003636 0.003047 0.002554 0.002140 0.001793 
0.246914 0.211623 0.178443 0.149513 0.125322 0.105033 0.088011 0.073764 0.061812 0.051803 0.043412 0.036380 0.030489 0.025550 0.021412 0.017944 0.015038 0.012602 0.010561 0.008850 0.007417 0.006216 0.005209 0.004365 0.003658 0.003066 0.002569 0.002153 0.001804 
0.247934 0.212622 0.179351 0.150276 0.125957 0.105569 0.088458 0.074139 0.062127 0.052066 0.043633 0.036566 0.030644 0.025680 0.021521 0.018035 0.015114 0.012666 0.010615 0.008895 0.007455 0.006247 0.005235 0.004388 0.003677 0.003081 0.002582 0.002164 0.001814 
0.248750 0.213421 0.180079 0.150887 0.126466 0.105999 0.088817 0.074440 0.062379 0.052277 0.043810 0.036714 0.030768 0.025784 0.021609 0.018108 0.015176 0.012718 0.010658 0.008932 0.007485 0.006273 0.005257 0.004405 0.003692 0.003094 0.002593 0.002173 0.001821 
0.249362 0.214021 0.180625 0.151346 0.126848 0.106322 0.089086 0.074666 0.062569 0.052436 0.043943 0.036825 0.030862 0.025862 0.021674 0.018163 0.015222 0.012756 0.010690 0.008959 0.007508 0.006292 0.005273 0.004419 0.003703 0.003103 0.002601 0.002179 0.001826 
0.249770 0.214421 0.180989 0.151653 0.127103 0.106537 0.089266 0.074817 0.062695 0.052542 0.044032 0.036899 0.030924 0.025914 0.021718 0.018200 0.015252 0.012782 0.010712 0.008977 0.007523 0.006304 0.005283 0.004428 0.003710 0.003110 0.002606 0.002184 0.001830 
0.249974 0.214621 0.181172 0.151806 0.127231 0.106645 0.089356 0.074892 0.062758 0.052594 0.044077 0.036936 0.030955 0.025941 0.021740 0.018218 0.015268 0.012795 0.010722 0.008986 0.007530 0.006311 0.005289 0.004432 0.003714 0.003113 0.002608 0.002186 0.001832 
0.249974 0.214621 0.181172 0.151806 0.127231 0.106645 0.089356 0.074892 0.062758 0.052594 0.044077 0.036936 0.030955 0.025941 0.021740 0.018218 0.015268 0.012795 0.010722 0.008986 0.007530 0.006311 0.005289 0.004432 0.003714 0.003113 0.002608 0.002186 0.001832 
0.249770 0.214421 0.180989 0.151653 0.127103 0.106537 0.089266 0.074817 0.062695 0.052542 0.044032 0.036899 0.030924 0.025914 0.021718 0.018200 0.015252 0.012782 0.010712 0.008977 0.007523 0.006304 0.005283 0.004428 0.003710 0.003110 0.002606 0.002184 0.001830 
0.249362 0.214021 0.180625 0.151346 0.126848 0.106322 0.089086 0.074666 0.062569 0.052436 0.043943 0.036825 0.030862 0.025862 0.021674 0.018163 0.015222 0.012756 0.010690 0.008959 0.007508 0.006292 0.005273 0.004419 0.003703 0.003103 0.002601 0.002179 0.001826 
0.248750 0.213421 0.180079 0.150887 0.126466 0.105999 0.088817 0.074440 0.062379 0.052277 0.043810 0.036714 0.030768 0.025784 0.021609 0.018108 0.015176 0.012718 0.010658 0.008932 0.007485 0.006273 0.005257 0.004405 0.003692 0.003094 0.002593 0.002173 0.001821 
0.247934 0.212622 0.179351 0.150276 0.125957 0.105569 0.088458 0.074139 0.062127 0.052066 0.043633 0.036566 0.030644 0.025680 0.021521 0.018035 0.015114 0.012666 0.010615 0.008895 0.007455 0.006247 0.005235 0.004388 0.003677 0.003081 0.002582 0.002164 0.001814 
0.246914 0.211623 0.178443 0.149513 0.125322 0.105033 0.088011 0.073764 0.061812 0.051803 0.043412 0.036380 0.030489 0.025550 0.021412 0.017944 0.015038 0.012602 0.010561 0.008850 0.007417 0.006216 0.005209 0.004365 0.003658 0.003066 0.002569 0.002153 0.001804 
0.245689 0.210425 0.177355 0.148599 0.124560 0.104391 0.087475 0.073314 0.061435 0.051487 0.043147 0.036159 0.030302 0.025394 0.021282 0.017834 0.014946 0.012525 0.010497 0.008796 0.007372 0.006178 0.005177 0.004339 0.003636 0.003047 0.002554 0.002140 0.001793 
0.244261 0.209028 0.176087 0.147536 0.123674 0.103643 0.086851 0.072790 0.060996 0.051120 0.042838 0.035901 0.030086 0.025213 0.021130 0.017707 0.014839 0.012436 0.010422 0.008734 0.007319 0.006134 0.005140 0.004308 0.003610 0.003025 0.002535 0.002125 0.001781 
0.242628 0.207433 0.174642 0.146325 0.122664 0.102791 0.086140 0.072193 0.060496 0.050701 0.042487 0.035607 0.029839 0.025006 0.020956 0.017562 0.014718 0.012334 0.010336 0.008662 0.007259 0.006083 0.005098 0.004272 0.003580 0.003000 0.002514 0.002107 0.001766 
0.240792 0.205639 0.173021 0.144967 0.121530 0.101835 0.085342 0.071523 0.059935 0.050231 0.042092 0.035277 0.029562 0.024774 0.020762 0.017399 0.014581 0.012219 0.010240 0.008581 0.007192 0.006027 0.005051 0.004233 0.003547 0.002973 0.002491 0.002088 0.001750 
0.238751 0.203648 0.171224 0.143463 0.120273 0.100776 0.084459 0.070781 0.059313 0.049710 0.041656 0.034911 0.029255 0.024518 0.020546 0.017219 0.014430 0.012092 0.010134 0.008492 0.007117 0.005964 0.004999 0.004189 0.003510 0.002942 0.002465 0.002066 0.001731 
0.236506 0.201460 0.169254 0.141815 0.118896 0.099616 0.083491 0.069967 0.058632 0.049139 0.041177 0.034511 0.028919 0.024236 0.020310 0.017021 0.014264 0.011954 0.010018 0.008395 0.007036 0.005896 0.004941 0.004141 0.003470 0.002908 0.002437 0.002042 0.001712 
0.234058 0.199075 0.167112 0.140025 0.117399 0.098355 0.082438 0.069083 0.057892 0.048519 0.040657 0.034075 0.028554 0.023931 0.020054 0.016806 0.014084 0.011803 0.009891 0.008289 0.006947 0.005821 0.004879 0.004088 0.003426 0.002871 0.002406 0.002016 0.001690 
0.231405 0.196495 0.164800 0.138096 0.115783 0.096995 0.081303 0.068129 0.057094 0.047850 0.040096 0.033605 0.028159 0.023601 0.019777 0.016575 0.013890 0.011640 0.009755 0.008175 0.006851 0.005741 0.004811 0.004032 0.003379 0.002832 0.002373 0.001989 0.001667 
0.228548 0.193720 0.162322 0.136028 0.114049 0.095538 0.080087 0.067106 0.056239 0.047132 0.039495 0.033102 0.027737 0.023247 0.019480 0.016326 0.013681 0.011466 0.009609 0.008052 0.006748 0.005655 0.004739 0.003971 0.003328 0.002789 0.002338 0.001959 0.001642 
0.225487 0.190750 0.159678 0.133825 0.112201 0.093985 0.078789 0.066015 0.055327 0.046367 0.038854 0.032564 0.027287 0.022870 0.019164 0.016061 0.013459 0.011280 0.009452 0.007922 0.006639 0.005563 0.004662 0.003907 0.003274 0.002744 0.002300 0.001927 0.001615 
0.222222 0.187588 0.156873 0.131489 0.110238 0.092338 0.077413 0.064858 0.054360 0.045554 0.038174 0.031994 0.026809 0.022470 0.018828 0.015781 0.013223 0.011082 0.009287 0.007783 0.006522 0.005466 0.004581 0.003839 0.003217 0.002696 0.002259 0.001893 0.001587 
0.218753 0.184235 0.153908 0.129022 0.108164 0.090598 0.075958 0.063635 0.053338 0.044696 0.037456 0.031392 0.026305 0.022047 0.018474 0.015484 0.012974 0.010874 0.009112 0.007637 0.006399 0.005363 0.004494 0.003766 0.003157 0.002645 0.002217 0.001858 0.001557 
0.215080 0.180690 0.150787 0.126427 0.105979 0.088767 0.074426 0.062349 0.052263 0.043793 0.036701 0.030758 0.025774 0.021602 0.018101 0.015171 0.012712 0.010655 0.008928 0.007483 0.006270 0.005255 0.004404 0.003690 0.003093 0.002592 0.002172 0.001820 0.001526 
0.211203 0.176957 0.147513 0.123706 0.103686 0.086848 0.072820 0.060999 0.051135 0.042845 0.035909 0.030092 0.025217 0.021135 0.017709 0.014843 0.012437 0.010425 0.008735 0.007321 0.006134 0.005142 0.004308 0.003611 0.003026 0.002536 0.002125 0.001781 0.001493 
0.207122 0.173037 0.144090 0.120862 0.101288 0.084842 0.071139 0.059588 0.049956 0.041854 0.035080 0.029397 0.024635 0.020647 0.017300 0.014501 0.012150 0.010184 0.008533 0.007152 0.005993 0.005023 0.004209 0.003528 0.002956 0.002477 0.002076 0.001740 0.001458 
0.202836 0.168931 0.140521 0.117898 0.098785 0.082752 0.069387 0.058118 0.048726 0.040820 0.034217 0.028671 0.024029 0.020137 0.016874 0.014143 0.011850 0.009933 0.008322 0.006976 0.005845 0.004899 0.004105 0.003441 0.002883 0.002416 0.002025 0.001697 0.001422 
0.198347 0.164642 0.136812 0.114817 0.096182 0.080580 0.067563 0.056589 0.047447 0.039746 0.033319 0.027916 0.023398 0.019607 0.016431 0.013771 0.011539 0.009672 0.008103 0.006793 0.005691 0.004771 0.003997 0.003350 0.002807 0.002353 0.001971 0.001652 0.001385 
0.193654 0.160172 0.132965 0.111622 0.093480 0.078328 0.065671 0.055004 0.046121 0.038631 0.032388 0.027133 0.022744 0.019057 0.015972 0.013385 0.011216 0.009401 0.007877 0.006603 0.005532 0.004637 0.003885 0.003257 0.002728 0.002287 0.001916 0.001606 0.001346 
0.188756 0.155523 0.128986 0.108315 0.090682 0.075999 0.063711 0.053365 0.044747 0.037478 0.031424 0.026323 0.022067 0.018488 0.015497 0.012986 0.010882 0.009121 0.007642 0.006406 0.005367 0.004499 0.003769 0.003160 0.002647 0.002219 0.001859 0.001559 0.001305 
0.183655 0.150699 0.124880 0.104899 0.087792 0.073595 0.061686 0.051672 0.043327 0.036288 0.030429 0.025486 0.021369 0.017900 0.015006 0.012573 0.010538 0.008831 0.007400 0.006202 0.005196 0.004356 0.003649 0.003060 0.002563 0.002149 0.001800 0.001509 0.001264 
0.178349 0.145702 0.120651 0.101378 0.084812 0.071118 0.059597 0.049929 0.041864 0.035061 0.029402 0.024624 0.020648 0.017294 0.014500 0.012147 0.010183 0.008532 0.007150 0.005992 0.005021 0.004209 0.003526 0.002956 0.002476 0.002076 0.001739 0.001458 0.001221 
0.172840 0.140536 0.116305 0.097753 0.081745 0.068571 0.057447 0.048137 0.040357 0.033800 0.028345 0.023737 0.019907 0.016671 0.013980 0.011709 0.009817 0.008224 0.006894 0.005776 0.004841 0.004057 0.003399 0.002850 0.002387 0.002002 0.001676 0.001406 0.001177 
0.167126 0.135205 0.111847 0.094028 0.078596 0.065956 0.055238 0.046297 0.038808 0.032506 0.027259 0.022827 0.019145 0.016031 0.013446 0.011259 0.009442 0.007908 0.006631 0.005554 0.004656 0.003901 0.003270 0.002740 0.002296 0.001925 0.001612 0.001352 0.001132 
0.161208 0.129713 0.107282 0.090206 0.075368 0.063276 0.052971 0.044413 0.037218 0.031181 0.026145 0.021894 0.018364 0.015375 0.012898 0.010798 0.009058 0.007584 0.006361 0.005326 0.004467 0.003741 0.003137 0.002628 0.002203 0.001846 0.001546 0.001297 0.001086 
0.155086 0.124066 0.102618 0.086290 0.072065 0.060533 0.050650 0.042485 0.035590 0.029825 0.025003 0.020941 0.017563 0.014704 0.012336 0.010326 0.008664 0.007252 0.006085 0.005093 0.004273 0.003577 0.003001 0.002513 0.002107 0.001765 0.001480 0.001240 0.001039 
0.148760 0.118268 0.097859 0.082281 0.068691 0.057728 0.048278 0.040515 0.033925 0.028440 0.023835 0.019967 0.016744 0.014019 0.011762 0.009844 0.008261 0.006913 0.005802 0.004855 0.004075 0.003409 0.002862 0.002395 0.002010 0.001682 0.001411 0.001181 0.000991 
0.142230 0.112326 0.093010 0.078183 0.065251 0.054864 0.045856 0.038506 0.032224 0.027029 0.022641 0.018975 0.015907 0.013322 0.011175 0.009353 0.007850 0.006567 0.005514 0.004612 0.003873 0.003238 0.002720 0.002274 0.001911 0.001597 0.001342 0.001122 0.000942 
0.135496 0.106246 0.088079 0.073999 0.061750 0.051943 0.043389 0.036458 0.030490 0.025591 0.021424 0.017964 0.015052 0.012611 0.010575 0.008854 0.007429 0.006216 0.005219 0.004364 0.003667 0.003064 0.002576 0.002151 0.001809 0.001511 0.001271 0.001061 0.000893 
0.128558 0.100036 0.083071 0.069731 0.058193 0.048967 0.040880 0.034374 0.028724 0.024129 0.020183 0.016938 0.014181 0.011890 0.009964 0.008347 0.007001 0.005859 0.004919 0.004113 0.003456 0.002887 0.002428 0.002027 0.001706 0.001423 0.001199 0.000999 0.000842 
0.121416 0.093704 0.077990 0.065383 0.054584 0.045936 0.038332 0.032253 0.026930 0.022642 0.018921 0.015895 0.013294 0.011158 0.009341 0.007832 0.006563 0.005498 0.004612 0.003859 0.003241 0.002709 0.002277 0.001901 0.001601 0.001334 0.001125 0.000936 0.000791 
0.114070 0.087259 0.072842 0.060958 0.050928 0.042853 0.035750 0.030097 0.025111 0.021133 0.017640 0.014837 0.012393 0.010416 0.008707 0.007312 0.006118 0.005132 0.004299 0.003602 0.003021 0.002528 0.002124 0.001774 0.001493 0.001245 0.001050 0.000873 0.000738 
0.106520 0.080713 0.067632 0.056459 0.047232 0.039718 0.033138 0.027907 0.023268 0.019600 0.016342 0.013763 0.011479 0.009664 0.008064 0.006785 0.005666 0.004763 0.003981 0.003343 0.002798 0.002346 0.001966 0.001646 0.001382 0.001155 0.000972 0.000810 0.000684 
0.098765 0.074075 0.062363 0.051892 0.043499 0.036535 0.030500 0.025683 0.021407 0.018044 0.015030 0.012675 0.010554 0.008902 0.007412 0.006252 0.005206 0.004390 0.003657 0.003082 0.002570 0.002163 0.001806 0.001518 0.001269 0.001065 0.000893 0.000747 0.000628 
0.090807 0.067360 0.057039 0.047260 0.039734 0.033303 0.027841 0.023424 0.019531 0.016465 0.013707 0.011571 0.009621 0.008130 0.006754 0.005712 0.004742 0.004012 0.003330 0.002818 0.002338 0.001979 0.001642 0.001390 0.001154 0.000976 0.000811 0.000685 0.000570 
0.082645 0.060581 0.051660 0.042571 0.035940 0.030027 0.025165 0.021133 0.017643 0.014863 0.012376 0.010450 0.008682 0.007346 0.006092 0.005164 0.004274 0.003630 0.002999 0.002552 0.002104 0.001794 0.001476 0.001261 0.001036 0.000886 0.000727 0.000623 0.000510 
0.074278 0.053753 0.046227 0.037832 0.032121 0.026709 0.022475 0.018810 0.015748 0.013236 0.011040 0.009311 0.007741 0.006550 0.005428 0.004608 0.003805 0.003242 0.002667 0.002281 0.001869 0.001606 0.001309 0.001131 0.000917 0.000796 0.000642 0.000561 0.000449 
0.065708 0.046896 0.040739 0.033053 0.028277 0.023354 0.019773 0.016456 0.013849 0.011585 0.009704 0.008154 0.006801 0.005739 0.004765 0.004040 0.003338 0.002845 0.002337 0.002004 0.001636 0.001413 0.001144 0.000997 0.000799 0.000704 0.000558 0.000498 0.000388 
0.056933 0.040027 0.035191 0.028246 0.024406 0.019969 0.017060 0.014075 0.011946 0.009911 0.008370 0.006977 0.005864 0.004912 0.004108 0.003459 0.002876 0.002437 0.002013 0.001719 0.001407 0.001213 0.000982 0.000858 0.000684 0.000607 0.000476 0.000431 0.000330 
0.047954 0.033170 0.029577 0.023425 0.020505 0.016564 0.014334 0.011674 0.010040 0.008217 0.007037 0.005782 0.004933 0.004069 0.003457 0.002864 0.002422 0.002017 0.001696 0.001422 0.001186 0.001003 0.000828 0.000710 0.000577 0.000503 0.000400 0.000358 0.000277 
0.038772 0.026348 0.023886 0.018611 0.016564 0.013154 0.011587 0.009262 0.008125 0.006511 0.005703 0.004574 0.004005 0.003212 0.002814 0.002255 0.001976 0.001583 0.001388 0.001112 0.000974 0.000782 0.000683 0.000550 0.000479 0.000388 0.000335 0.000274 0.000233 
0.029385 0.019588 0.018105 0.013827 0.012569 0.009759 0.008808 0.006856 0.006191 0.004806 0.004360 0.003363 0.003074 0.002350 0.002171 0.001639 0.001535 0.001141 0.001087 0.000793 0.000771 0.000550 0.000548 0.000380 0.000391 0.000262 0.000279 0.000180 0.000200 
0.019794 0.012921 0.012214 0.009104 0.008499 0.006406 0.005975 0.004482 0.004218 0.003124 0.002987 0.002169 0.002122 0.001500 0.001513 0.001031 0.001084 0.000704 0.000780 0.000476 0.000565 0.000318 0.000413 0.000208 0.000304 0.000133 0.000227 0.000081 0.000171 
0.009999 0.006379 0.006190 0.004479 0.004323 0.003136 0.003055 0.002178 0.002172 0.001503 0.001553 0.001028 0.001117 0.000697 0.000809 0.000465 0.000592 0.000304 0.000438 0.000192 0.000329 0.000114 0.000250 0.000061 0.000194 0.000025 0.000154 0.000000 0.000125 
0.000000 0.000000 0.000000 0.000000 0.000000 0.000000 0.000000 0.000000 0.000000 0.000000 0.000000 0.000000 0.000000 0.000000 0.000000 0.000000 0.000000 0.000000 0.000000 0.000000 0.000000 0.000000 0.000000 0.000000 0.000000 0.000000 0.000000 0.000000 0.000000 
