0.000000 0.000000 0.000000 0.000000 0.000000 0.000000 0.000000 0.000000 0.000000 0.000000 0.000000 0.000000 0.000000 0.000000 0.000000 0.000000 0.000000 0.000000 0.000000 0.000000 
0.009900 0.005622 0.003652 0.002419 0.001608 0.001070 0.000712 0.000474 0.000315 0.000210 0.000139 0.000093 0.000062 0.000041 0.000027 0.000018 0.000012 0.000008 0.000005 0.000004 
0.019600 0.011235 0.007300 0.004835 0.003215 0.002139 0.001423 0.000947 0.000630 0.000419 0.000279 0.000185 0.000123 0.000082 0.000055 0.000036 0.000024 0.000016 0.000011 0.000007 
0.029100 0.016832 0.010940 0.007247 0.004818 0.003205 0.002133 0.001419 0.000944 0.000628 0.000417 0.000278 0.000185 0.000123 0.000082 0.000054 0.000036 0.000024 0.000016 0.000011 
0.038400 0.022404 0.014569 0.009651 0.006417 0.004269 0.002840 0.001889 0.001257 0.000836 0.000556 0.000370 0.000246 0.000164 0.000109 0.000072 0.000048 0.000032 0.000021 0.000014 
0.047500 0.027944 0.018181 0.012045 0.008009 0.005328 0.003545 0.002358 0.001569 0.001043 0.000694 0.000462 0.000307 0.000204 0.000136 0.000090 0.000060 0.000040 0.000026 0.000017 
0.056400 0.033444 0.021775 0.014427 0.009592 0.006382 0.004246 0.002824 0.001879 0.001250 0.000831 0.000553 0.000368 0.000245 0.000163 0.000108 0.000072 0.000048 0.000032 0.000021 
0.065100 0.038899 0.025345 0.016794 0.011167 0.007429 0.004943 0.003288 0.002187 0.001455 0.000968 0.000644 0.000428 0.000285 0.000189 0.000126 0.000084 0.000056 0.000037 0.000024 
0.073600 0.044302 0.028887 0.019144 0.012730 0.008469 0.005634 0.003748 0.002493 0.001658 0.001103 0.000734 0.000488 0.000325 0.000216 0.000143 0.000095 0.000063 0.000042 0.000028 
0.081900 0.049646 0.032399 0.021475 0.014280 0.009500 0.006321 0.004205 0.002797 0.001860 0.001237 0.000823 0.000547 0.000364 0.000242 0.000161 0.000107 0.000071 0.000047 0.000031 
0.090000 0.054925 0.035877 0.023784 0.015816 0.010522 0.007000 0.004657 0.003098 0.002060 0.001370 0.000912 0.000606 0.000403 0.000268 0.000178 0.000118 0.000079 0.000052 0.000034 
0.097900 0.060135 0.039316 0.026068 0.017335 0.011534 0.007673 0.005104 0.003395 0.002258 0.001502 0.000999 0.000665 0.000442 0.000294 0.000195 0.000130 0.000086 0.000057 0.000038 
0.105600 0.065268 0.042714 0.028326 0.018838 0.012533 0.008338 0.005547 0.003690 0.002454 0.001632 0.001086 0.000722 0.000480 0.000319 0.000212 0.000141 0.000094 0.000062 0.000041 
0.113100 0.070322 0.046066 0.030556 0.020321 0.013520 0.008995 0.005984 0.003980 0.002647 0.001761 0.001171 0.000779 0.000518 0.000345 0.000229 0.000152 0.000101 0.000067 0.000044 
0.120400 0.075289 0.049370 0.032754 0.021784 0.014494 0.009642 0.006414 0.004267 0.002838 0.001888 0.001256 0.000835 0.000555 0.000369 0.000246 0.000163 0.000108 0.000072 0.000047 
0.127500 0.080167 0.052623 0.034919 0.023225 0.015452 0.010280 0.006839 0.004549 0.003026 0.002013 0.001339 0.000890 0.000592 0.000394 0.000262 0.000174 0.000115 0.000077 0.000051 
0.134400 0.084949 0.055820 0.037049 0.024643 0.016396 0.010908 0.007256 0.004827 0.003211 0.002135 0.001420 0.000945 0.000628 0.000418 0.000278 0.000185 0.000123 0.000081 0.000054 
0.141100 0.089633 0.058959 0.039141 0.026036 0.017323 0.011524 0.007666 0.005100 0.003392 0.002256 0.001501 0.000998 0.000664 0.000441 0.000293 0.000195 0.000129 0.000086 0.000057 
0.147600 0.094214 0.062036 0.041193 0.027402 0.018232 0.012129 0.008069 0.005367 0.003570 0.002375 0.001579 0.001050 0.000699 0.000465 0.000309 0.000205 0.000136 0.000090 0.000060 
0.153900 0.098688 0.065050 0.043204 0.028741 0.019123 0.012722 0.008463 0.005629 0.003744 0.002491 0.001657 0.001102 0.000733 0.000487 0.000324 0.000215 0.000143 0.000095 0.000063 
0.160000 0.103051 0.067995 0.045171 0.030051 0.019995 0.013302 0.008849 0.005886 0.003915 0.002604 0.001732 0.001152 0.000766 0.000509 0.000339 0.000225 0.000149 0.000099 0.000066 
0.165900 0.107301 0.070871 0.047093 0.031331 0.020846 0.013869 0.009226 0.006137 0.004082 0.002715 0.001806 0.001201 0.000799 0.000531 0.000353 0.000235 0.000156 0.000103 0.000068 
0.171600 0.111434 0.073674 0.048967 0.032579 0.021677 0.014421 0.009593 0.006381 0.004245 0.002823 0.001878 0.001249 0.000831 0.000552 0.000367 0.000244 0.000162 0.000107 0.000071 
0.177100 0.115446 0.076402 0.050791 0.033795 0.022486 0.014960 0.009951 0.006619 0.004403 0.002929 0.001948 0.001296 0.000862 0.000573 0.000381 0.000253 0.000168 0.000111 0.000074 
0.182400 0.119335 0.079051 0.052565 0.034976 0.023272 0.015483 0.010299 0.006851 0.004557 0.003031 0.002016 0.001341 0.000892 0.000593 0.000394 0.000262 0.000174 0.000115 0.000076 
0.187500 0.123098 0.081620 0.054285 0.036123 0.024035 0.015990 0.010637 0.007075 0.004706 0.003130 0.002082 0.001385 0.000921 0.000612 0.000407 0.000271 0.000180 0.000119 0.000079 
0.192400 0.126732 0.084106 0.055950 0.037233 0.024774 0.016481 0.010964 0.007293 0.004851 0.003226 0.002146 0.001427 0.000949 0.000631 0.000420 0.000279 0.000185 0.000123 0.000081 
0.197100 0.130234 0.086506 0.057560 0.038305 0.025488 0.016956 0.011279 0.007503 0.004991 0.003319 0.002208 0.001468 0.000977 0.000649 0.000432 0.000287 0.000190 0.000126 0.000084 
0.201600 0.133603 0.088819 0.059111 0.039340 0.026176 0.017414 0.011584 0.007705 0.005125 0.003409 0.002267 0.001508 0.001003 0.000667 0.000443 0.000295 0.000196 0.000130 0.000086 
0.205900 0.136836 0.091043 0.060603 0.040334 0.026838 0.017854 0.011877 0.007900 0.005255 0.003495 0.002325 0.001546 0.001028 0.000684 0.000455 0.000302 0.000201 0.000133 0.000088 
0.210000 0.139931 0.093175 0.062034 0.041288 0.027472 0.018277 0.012158 0.008087 0.005379 0.003578 0.002380 0.001583 0.001053 0.000700 0.000465 0.000309 0.000205 0.000136 0.000090 
0.213900 0.142886 0.095213 0.063403 0.042201 0.028080 0.018680 0.012426 0.008266 0.005498 0.003657 0.002432 0.001618 0.001076 0.000715 0.000476 0.000316 0.000210 0.000139 0.000092 
0.217600 0.145698 0.097156 0.064709 0.043071 0.028659 0.019065 0.012682 0.008436 0.005611 0.003732 0.002482 0.001651 0.001098 0.000730 0.000485 0.000323 0.000214 0.000142 0.000094 
0.221100 0.148367 0.099002 0.065949 0.043898 0.029209 0.019431 0.012926 0.008598 0.005719 0.003804 0.002530 0.001683 0.001119 0.000744 0.000495 0.000329 0.000218 0.000145 0.000096 
0.224400 0.150890 0.100750 0.067123 0.044680 0.029729 0.019778 0.013156 0.008751 0.005821 0.003872 0.002575 0.001713 0.001139 0.000757 0.000504 0.000335 0.000222 0.000147 0.000097 
0.227500 0.153267 0.102397 0.068230 0.045418 0.030220 0.020104 0.013373 0.008895 0.005917 0.003935 0.002618 0.001741 0.001158 0.000770 0.000512 0.000340 0.000226 0.000150 0.000099 
0.230400 0.155494 0.103942 0.069269 0.046110 0.030681 0.020410 0.013577 0.009031 0.006007 0.003995 0.002657 0.001767 0.001175 0.000782 0.000520 0.000345 0.000229 0.000152 0.000101 
0.233100 0.157573 0.105384 0.070238 0.046756 0.031110 0.020696 0.013767 0.009157 0.006091 0.004051 0.002695 0.001792 0.001192 0.000793 0.000527 0.000350 0.000232 0.000154 0.000102 
0.235600 0.159500 0.106722 0.071137 0.047355 0.031509 0.020961 0.013943 0.009274 0.006169 0.004103 0.002729 0.001815 0.001207 0.000803 0.000534 0.000355 0.000235 0.000156 0.000103 
0.237900 0.161274 0.107954 0.071965 0.047907 0.031875 0.021205 0.014105 0.009382 0.006240 0.004151 0.002761 0.001836 0.001221 0.000812 0.000540 0.000359 0.000238 0.000158 0.000104 
0.240000 0.162896 0.109080 0.072721 0.048410 0.032210 0.021427 0.014253 0.009480 0.006306 0.004194 0.002790 0.001855 0.001234 0.000821 0.000546 0.000362 0.000241 0.000160 0.000106 
0.241900 0.164363 0.110098 0.073404 0.048865 0.032512 0.021628 0.014386 0.009569 0.006365 0.004233 0.002816 0.001873 0.001246 0.000828 0.000551 0.000366 0.000243 0.000161 0.000107 
0.243600 0.165675 0.111007 0.074014 0.049270 0.032781 0.021807 0.014505 0.009648 0.006417 0.004268 0.002839 0.001888 0.001256 0.000835 0.000555 0.000369 0.000245 0.000162 0.000107 
0.245100 0.166832 0.111807 0.074549 0.049626 0.033018 0.021964 0.014610 0.009718 0.006464 0.004299 0.002859 0.001902 0.001265 0.000841 0.000559 0.000372 0.000247 0.000164 0.000108 
0.246400 0.167832 0.112497 0.075011 0.049933 0.033221 0.022099 0.014699 0.009777 0.006503 0.004325 0.002877 0.001914 0.001273 0.000846 0.000563 0.000374 0.000248 0.000165 0.000109 
0.247500 0.168674 0.113077 0.075397 0.050189 0.033391 0.022212 0.014774 0.009827 0.006536 0.004348 0.002892 0.001923 0.001279 0.000851 0.000565 0.000376 0.000249 0.000165 0.000109 
0.248400 0.169360 0.113545 0.075708 0.050394 0.033527 0.022302 0.014834 0.009867 0.006563 0.004365 0.002903 0.001931 0.001284 0.000854 0.000568 0.000377 0.000250 0.000166 0.000110 
0.249100 0.169887 0.113901 0.075943 0.050549 0.033630 0.022370 0.014879 0.009897 0.006583 0.004378 0.002912 0.001937 0.001288 0.000857 0.000569 0.000378 0.000251 0.000167 0.000110 
0.249600 0.170255 0.114146 0.076102 0.050654 0.033698 0.022415 0.014910 0.009917 0.006596 0.004387 0.002918 0.001941 0.001291 0.000858 0.000571 0.000379 0.000252 0.000167 0.000110 
0.249900 0.170465 0.114278 0.076186 0.050707 0.033733 0.022438 0.014925 0.009927 0.006603 0.004392 0.002921 0.001943 0.001292 0.000859 0.000571 0.000380 0.000252 0.000167 0.000110 
0.250000 0.170516 0.114298 0.076193 0.050709 0.033734 0.022439 0.014925 0.009927 0.006603 0.004392 0.002921 0.001943 0.001292 0.000859 0.000571 0.000380 0.000252 0.000167 0.000110 
0.249900 0.170408 0.114206 0.076124 0.050661 0.033701 0.022416 0.014910 0.009917 0.006596 0.004387 0.002918 0.001941 0.001291 0.000858 0.000571 0.000379 0.000252 0.000167 0.000110 
0.249600 0.170141 0.114001 0.075978 0.050561 0.033634 0.022371 0.014880 0.009897 0.006583 0.004378 0.002912 0.001937 0.001288 0.000857 0.000569 0.000378 0.000251 0.000167 0.000110 
0.249100 0.169715 0.113684 0.075757 0.050411 0.033533 0.022304 0.014835 0.009867 0.006563 0.004365 0.002903 0.001931 0.001284 0.000854 0.000568 0.000377 0.000250 0.000166 0.000110 
0.248400 0.169131 0.113255 0.075460 0.050210 0.033398 0.022214 0.014775 0.009827 0.006536 0.004348 0.002892 0.001923 0.001279 0.000851 0.000565 0.000376 0.000249 0.000165 0.000109 
0.247500 0.168387 0.112714 0.075087 0.049958 0.033230 0.022102 0.014700 0.009778 0.006503 0.004326 0.002877 0.001914 0.001273 0.000846 0.000563 0.000374 0.000248 0.000165 0.000109 
0.246400 0.167486 0.112062 0.074639 0.049657 0.033028 0.021967 0.014611 0.009718 0.006464 0.004299 0.002859 0.001902 0.001265 0.000841 0.000559 0.000372 0.000247 0.000164 0.000108 
0.245100 0.166427 0.111298 0.074116 0.049305 0.032793 0.021811 0.014506 0.009649 0.006418 0.004268 0.002839 0.001888 0.001256 0.000835 0.000555 0.000369 0.000245 0.000162 0.000107 
0.243600 0.165210 0.110425 0.073519 0.048903 0.032525 0.021632 0.014388 0.009569 0.006365 0.004233 0.002816 0.001873 0.001246 0.000828 0.000551 0.000366 0.000243 0.000161 0.000107 
0.241900 0.163837 0.109442 0.072848 0.048453 0.032224 0.021432 0.014254 0.009481 0.006306 0.004194 0.002790 0.001855 0.001234 0.000821 0.000546 0.000362 0.000241 0.000160 0.000106 
0.240000 0.162308 0.108350 0.072103 0.047954 0.031891 0.021210 0.014107 0.009382 0.006240 0.004151 0.002761 0.001836 0.001221 0.000812 0.000540 0.000359 0.000238 0.000158 0.000104 
0.237900 0.160623 0.107151 0.071287 0.047406 0.031526 0.020966 0.013945 0.009275 0.006169 0.004103 0.002729 0.001815 0.001207 0.000803 0.000534 0.000355 0.000235 0.000156 0.000103 
0.235600 0.158783 0.105844 0.070398 0.046810 0.031128 0.020702 0.013769 0.009158 0.006091 0.004051 0.002695 0.001792 0.001192 0.000793 0.000527 0.000350 0.000232 0.000154 0.000102 
0.233100 0.156790 0.104432 0.069439 0.046168 0.030700 0.020417 0.013579 0.009031 0.006007 0.003995 0.002657 0.001767 0.001175 0.000782 0.000520 0.000345 0.000229 0.000152 0.000101 
0.230400 0.154645 0.102914 0.068409 0.045479 0.030240 0.020111 0.013375 0.008896 0.005917 0.003935 0.002618 0.001741 0.001158 0.000770 0.000512 0.000340 0.000226 0.000150 0.000099 
0.227500 0.152347 0.101294 0.067311 0.044744 0.029751 0.019785 0.013158 0.008752 0.005821 0.003872 0.002575 0.001713 0.001139 0.000757 0.000504 0.000335 0.000222 0.000147 0.000097 
0.224400 0.149900 0.099571 0.066145 0.043963 0.029231 0.019439 0.012928 0.008598 0.005719 0.003804 0.002530 0.001683 0.001119 0.000744 0.000495 0.000329 0.000218 0.000145 0.000096 
0.221100 0.147303 0.097747 0.064911 0.043139 0.028681 0.019073 0.012685 0.008437 0.005611 0.003732 0.002482 0.001651 0.001098 0.000730 0.000485 0.000323 0.000214 0.000142 0.000094 
0.217600 0.144559 0.095825 0.063613 0.042271 0.028103 0.018688 0.012429 0.008266 0.005498 0.003657 0.002432 0.001618 0.001076 0.000715 0.000476 0.000316 0.000210 0.000139 0.000092 
0.213900 0.141669 0.093805 0.062249 0.041360 0.027496 0.018284 0.012160 0.008088 0.005379 0.003578 0.002380 0.001583 0.001053 0.000700 0.000465 0.000309 0.000205 0.000136 0.000090 
0.210000 0.138635 0.091689 0.060823 0.040408 0.026862 0.017862 0.011879 0.007901 0.005255 0.003495 0.002325 0.001546 0.001028 0.000684 0.000455 0.000302 0.000201 0.000133 0.000088 
0.205900 0.135457 0.089480 0.059335 0.039414 0.026201 0.017422 0.011587 0.007706 0.005125 0.003409 0.002267 0.001508 0.001003 0.000667 0.000443 0.000295 0.000196 0.000130 0.000086 
0.201600 0.132139 0.087178 0.057786 0.038381 0.025513 0.016965 0.011282 0.007504 0.004991 0.003319 0.002208 0.001468 0.000977 0.000649 0.000432 0.000287 0.000190 0.000126 0.000084 
0.197100 0.128682 0.084786 0.056179 0.037309 0.024799 0.016490 0.010966 0.007294 0.004851 0.003227 0.002146 0.001427 0.000949 0.000631 0.000420 0.000279 0.000185 0.000123 0.000081 
0.192400 0.125088 0.082307 0.054515 0.036199 0.024061 0.015998 0.010640 0.007076 0.004706 0.003130 0.002082 0.001385 0.000921 0.000612 0.000407 0.000271 0.000180 0.000119 0.000079 
0.187500 0.121359 0.079742 0.052795 0.035053 0.023298 0.015491 0.010302 0.006852 0.004557 0.003031 0.002016 0.001341 0.000892 0.000593 0.000394 0.000262 0.000174 0.000115 0.000076 
0.182400 0.117498 0.077094 0.051021 0.033871 0.022511 0.014968 0.009954 0.006620 0.004403 0.002929 0.001948 0.001296 0.000862 0.000573 0.000381 0.000253 0.000168 0.000111 0.000074 
0.177100 0.113508 0.074365 0.049195 0.032655 0.021702 0.014430 0.009596 0.006382 0.004245 0.002823 0.001878 0.001249 0.000831 0.000552 0.000367 0.000244 0.000162 0.000107 0.000071 
0.171600 0.109390 0.071558 0.047318 0.031406 0.020871 0.013877 0.009228 0.006138 0.004082 0.002715 0.001806 0.001201 0.000799 0.000531 0.000353 0.000235 0.000156 0.000103 0.000068 
0.165900 0.105148 0.068675 0.045393 0.030124 0.020019 0.013310 0.008852 0.005887 0.003915 0.002604 0.001732 0.001152 0.000766 0.000510 0.000339 0.000225 0.000149 0.000099 0.000066 
0.160000 0.100784 0.065719 0.043422 0.028813 0.019147 0.012730 0.008466 0.005630 0.003745 0.002491 0.001657 0.001102 0.000733 0.000487 0.000324 0.000215 0.000143 0.000095 0.000063 
0.153900 0.096302 0.062693 0.041406 0.027472 0.018255 0.012137 0.008071 0.005368 0.003570 0.002375 0.001579 0.001050 0.000699 0.000465 0.000309 0.000205 0.000136 0.000090 0.000060 
0.147600 0.091704 0.059600 0.039347 0.026103 0.017345 0.011532 0.007669 0.005100 0.003392 0.002256 0.001501 0.000998 0.000664 0.000441 0.000293 0.000195 0.000129 0.000086 0.000057 
0.141100 0.086995 0.056443 0.037248 0.024708 0.016417 0.010915 0.007259 0.004827 0.003211 0.002136 0.001420 0.000945 0.000628 0.000418 0.000278 0.000185 0.000123 0.000081 0.000054 
0.134400 0.082177 0.053224 0.035111 0.023288 0.015473 0.010287 0.006841 0.004550 0.003026 0.002013 0.001339 0.000890 0.000592 0.000394 0.000262 0.000174 0.000115 0.000077 0.000051 
0.127500 0.077256 0.049948 0.032937 0.021844 0.014513 0.009649 0.006417 0.004267 0.002838 0.001888 0.001256 0.000835 0.000555 0.000369 0.000246 0.000163 0.000108 0.000072 0.000048 
0.120400 0.072233 0.046617 0.030729 0.020378 0.013539 0.009001 0.005986 0.003981 0.002648 0.001761 0.001171 0.000779 0.000518 0.000345 0.000229 0.000152 0.000101 0.000067 0.000044 
0.113100 0.067114 0.043235 0.028490 0.018891 0.012551 0.008344 0.005549 0.003690 0.002454 0.001632 0.001086 0.000722 0.000480 0.000319 0.000212 0.000141 0.000094 0.000062 0.000041 
0.105600 0.061904 0.039805 0.026221 0.017385 0.011550 0.007679 0.005106 0.003396 0.002259 0.001502 0.000999 0.000665 0.000442 0.000294 0.000195 0.000130 0.000086 0.000057 0.000038 
0.097900 0.056606 0.036331 0.023924 0.015861 0.010537 0.007005 0.004659 0.003098 0.002061 0.001371 0.000912 0.000606 0.000403 0.000268 0.000178 0.000118 0.000079 0.000052 0.000034 
0.090000 0.051225 0.032816 0.021603 0.014322 0.009514 0.006325 0.004206 0.002797 0.001861 0.001237 0.000823 0.000547 0.000364 0.000242 0.000161 0.000107 0.000071 0.000047 0.000031 
0.081900 0.045767 0.029265 0.019260 0.012767 0.008481 0.005638 0.003750 0.002494 0.001659 0.001103 0.000734 0.000488 0.000325 0.000216 0.000143 0.000095 0.000063 0.000042 0.000028 
0.073600 0.040236 0.025680 0.016897 0.011200 0.007440 0.004946 0.003289 0.002187 0.001455 0.000968 0.000644 0.000428 0.000285 0.000189 0.000126 0.000084 0.000056 0.000037 0.000024 
0.065100 0.034639 0.022066 0.014516 0.009621 0.006391 0.004249 0.002825 0.001879 0.001250 0.000831 0.000553 0.000368 0.000245 0.000163 0.000108 0.000072 0.000048 0.000032 0.000021 
0.056400 0.028981 0.018428 0.012120 0.008033 0.005336 0.003547 0.002359 0.001569 0.001043 0.000694 0.000462 0.000307 0.000204 0.000136 0.000090 0.000060 0.000040 0.000026 0.000017 
0.047500 0.023268 0.014768 0.009711 0.006436 0.004275 0.002842 0.001890 0.001257 0.000836 0.000556 0.000370 0.000246 0.000164 0.000109 0.000072 0.000048 0.000032 0.000021 0.000014 
0.038400 0.017507 0.011091 0.007292 0.004833 0.003210 0.002134 0.001419 0.000944 0.000628 0.000418 0.000278 0.000185 0.000123 0.000082 0.000054 0.000036 0.000024 0.000016 0.000011 
0.029100 0.011703 0.007401 0.004866 0.003225 0.002142 0.001424 0.000947 0.000630 0.000419 0.000279 0.000185 0.000123 0.000082 0.000055 0.000036 0.000024 0.000016 0.000011 0.000007 
0.019600 0.005865 0.003703 0.002434 0.001613 0.001072 0.000712 0.000474 0.000315 0.000210 0.000139 0.000093 0.000062 0.000041 0.000027 0.000018 0.000012 0.000008 0.000005 0.000004 
0.009900 0.000000 0.000000 0.000000 0.000000 0.000000 0.000000 0.000000 0.000000 0.000000 0.000000 0.000000 0.000000 0.000000 0.000000 0.000000 0.000000 0.000000 0.000000 0.000000 
